uuid: 927fe135-449c-4798-9898-2a60a250dece
timestamps:
  login: 1556233869765
  logout: 1556235258798
  lastteleport: 1556235255891
ipAddress: 104.238.44.104
lastlocation:
  world: world
  x: 49.8967790757743
  y: 82.0
  z: -99.4070495532783
  yaw: 174.8988
  pitch: 25.35018
logoutlocation:
  world: world
  x: -13.5
  y: 103.0
  z: -0.5
  yaw: 75.6
  pitch: 34.950005
afk: false
