uuid: 7389b6f4-ca35-4454-a8a9-5a75035150a4
timestamps:
  login: 1555795732031
  lastteleport: 1555798412133
  logout: 1555798616980
ipAddress: 217.236.191.105
lastlocation:
  world: world
  x: 21.677803013393394
  y: 82.0
  z: -92.35229518883646
  yaw: -73.44702
  pitch: 2.301922
logoutlocation:
  world: world
  x: -60.61971334051754
  y: 44.0
  z: 12.650938059266075
  yaw: -159.5539
  pitch: 22.303165
homes:
  home:
    world: world
    x: 4.7603414764386445
    y: 84.0
    z: -96.56083988497213
    yaw: -108.168945
    pitch: 8.704679
