uuid: 7389b6f4-ca35-4454-a8a9-5a75035150a4
timestamps:
  login: 1555873401271
  lastteleport: 1555875085956
  logout: 1555875119307
ipAddress: 217.236.191.105
lastlocation:
  world: world
  x: 5.46647193519515
  y: 95.0
  z: -44.18598309116353
  yaw: -27.185612
  pitch: 15.108435
logoutlocation:
  world: world
  x: 25.69999998807907
  y: 81.0
  z: -92.8166272444606
  yaw: -111.08734
  pitch: 28.106916
homes:
  home:
    world: world
    x: 4.7603414764386445
    y: 84.0
    z: -96.56083988497213
    yaw: -108.168945
    pitch: 8.704679
afk: false
