uuid: 7389b6f4-ca35-4454-a8a9-5a75035150a4
timestamps:
  login: 1555694796109
  lastteleport: 1555696907198
  logout: 1555696909762
ipAddress: 217.236.191.105
lastlocation:
  world: DIM7
  x: -269.73082814920764
  y: 102.0
  z: 288.0580528804437
  yaw: -111.12268
  pitch: 10.839056
logoutlocation:
  world: world
  x: 4.5
  y: 84.0
  z: -96.5
  yaw: -108.168945
  pitch: 8.704679
homes:
  home:
    world: world
    x: 4.7603414764386445
    y: 84.0
    z: -96.56083988497213
    yaw: -108.168945
    pitch: 8.704679
