uuid: 7389b6f4-ca35-4454-a8a9-5a75035150a4
timestamps:
  login: 1555540759080
  lastteleport: 1555539166408
  logout: 1555540803313
ipAddress: 217.236.150.115
lastlocation:
  world: world
  x: -42.941559326916064
  y: 104.5
  z: -63.334300166042055
  yaw: -235.435
  pitch: 10.417235
logoutlocation:
  world: world
  x: -22.69999998807907
  y: 76.28838707950763
  z: -93.54157348713352
  yaw: -270.0
  pitch: -54.140923
