uuid: 7389b6f4-ca35-4454-a8a9-5a75035150a4
timestamps:
  login: 1555947519149
  lastteleport: 1555948482484
  logout: 1555875119307
ipAddress: 217.236.191.105
lastlocation:
  world: DIM7
  x: -285.1517033304793
  y: 32.0
  z: 342.087630974218
  yaw: -233.71771
  pitch: 31.722643
logoutlocation:
  world: world
  x: 25.69999998807907
  y: 81.0
  z: -92.8166272444606
  yaw: -111.08734
  pitch: 28.106916
homes:
  home:
    world: world
    x: 4.7603414764386445
    y: 84.0
    z: -96.56083988497213
    yaw: -108.168945
    pitch: 8.704679
afk: false
