uuid: 2ba02c78-873c-44ff-ac2f-b1a8d4a6a0d0
timestamps:
  login: 1556386079702
  logout: 1556390643500
  lastteleport: 1556373970445
ipAddress: 178.115.131.127
lastlocation:
  world: world
  x: 210.5
  y: -157.93362364992012
  z: 649.5
  yaw: -170.3823
  pitch: 0.0
logoutlocation:
  world: world
  x: -0.010511950559637995
  y: 114.0
  z: 110.46886749410218
  yaw: 170.13
  pitch: 19.350012
afk: false
homes:
  home:
    world: world
    x: 15.014468772983951
    y: 113.0
    z: 116.29414367588778
    yaw: -291.60516
    pitch: 14.700027
