lastlocation:
  world: world
  x: -50.30000001192093
  y: 65.0
  z: 15.043434134248944
  yaw: -59.112366
  pitch: -14.549916
uuid: 1e93b9b9-ab82-44df-a787-044ba028aa7d
timestamps:
  login: 1556039357387
  lastteleport: 1556040005634
  kits:
    essen: 1555503050410
    tools: 1555426994876
  logout: 1556040039789
ipAddress: 91.112.119.98
nickname: Lee
logoutlocation:
  world: world
  x: -46.57619804292841
  y: 61.0
  z: 17.043526683413443
  yaw: -243.01138
  pitch: 18.62607
godmode: false
afk: false
homes:
  home:
    world: world
    x: -55.533319771782544
    y: 69.0
    z: 21.616030467446535
    yaw: -1.661377
    pitch: 0.7760683
  la:
    world: DIM-1
    x: 145.6459140197742
    y: 70.0
    z: 31.460884924445853
    yaw: -86.70059
    pitch: 21.900036
  tin:
    world: world
    x: 22.95460526711494
    y: 46.0
    z: 95.16499594058317
    yaw: -56.13208
    pitch: 25.592775
  lee:
    world: DIM-1
    x: -4.820990529309925
    y: 88.0
    z: -38.71817313689817
    yaw: -185.1109
    pitch: 25.34999
