lastlocation:
  world: world
  x: -67.0
  y: 64.0
  z: 15.300000004470348
  yaw: -175.04938
  pitch: 31.799992
uuid: 1e93b9b9-ab82-44df-a787-044ba028aa7d
timestamps:
  login: 1555718858062
  lastteleport: 1555716851417
  kits:
    essen: 1555503050410
    tools: 1555426994876
  logout: 1555720825738
ipAddress: 91.112.119.98
nickname: Lee
logoutlocation:
  world: world
  x: -55.42534062519247
  y: 69.20000004768369
  z: 18.699999988079067
  yaw: -357.93652
  pitch: 29.549994
godmode: false
afk: false
homes:
  home:
    world: world
    x: -55.533319771782544
    y: 69.0
    z: 21.616030467446535
    yaw: -1.661377
    pitch: 0.7760683
  la:
    world: DIM-1
    x: 145.6459140197742
    y: 70.0
    z: 31.460884924445853
    yaw: -86.70059
    pitch: 21.900036
  tin:
    world: world
    x: 22.95460526711494
    y: 46.0
    z: 95.16499594058317
    yaw: -56.13208
    pitch: 25.592775
  lee:
    world: DIM-1
    x: -4.820990529309925
    y: 88.0
    z: -38.71817313689817
    yaw: -185.1109
    pitch: 25.34999
