lastlocation:
  world: DIM-1
  x: -10.78786570721459
  y: 59.96843815456738
  z: 108.56294635727801
  yaw: -174.61194
  pitch: 7.500105
uuid: 1e93b9b9-ab82-44df-a787-044ba028aa7d
timestamps:
  login: 1555886770910
  lastteleport: 1555888571058
  kits:
    essen: 1555503050410
    tools: 1555426994876
  logout: 1555889123782
ipAddress: 91.112.119.98
nickname: Lee
logoutlocation:
  world: world
  x: -59.20715319350228
  y: 61.0
  z: 23.0346906266848
  yaw: -58.06198
  pitch: 16.799984
godmode: false
afk: false
homes:
  home:
    world: world
    x: -55.533319771782544
    y: 69.0
    z: 21.616030467446535
    yaw: -1.661377
    pitch: 0.7760683
  la:
    world: DIM-1
    x: 145.6459140197742
    y: 70.0
    z: 31.460884924445853
    yaw: -86.70059
    pitch: 21.900036
  tin:
    world: world
    x: 22.95460526711494
    y: 46.0
    z: 95.16499594058317
    yaw: -56.13208
    pitch: 25.592775
  lee:
    world: DIM-1
    x: -4.820990529309925
    y: 88.0
    z: -38.71817313689817
    yaw: -185.1109
    pitch: 25.34999
