lastlocation:
  world: world
  x: -47.554500759092036
  y: 44.0
  z: 15.66765275063802
  yaw: -0.76068115
  pitch: -32.40002
uuid: 1e93b9b9-ab82-44df-a787-044ba028aa7d
timestamps:
  login: 1555957402935
  lastteleport: 1555958491016
  kits:
    essen: 1555503050410
    tools: 1555426994876
  logout: 1555960177132
ipAddress: 91.112.119.98
nickname: Lee
logoutlocation:
  world: world
  x: -60.090848408046675
  y: 61.0
  z: 23.186299959428272
  yaw: -330.15778
  pitch: 8.849998
godmode: false
afk: false
homes:
  home:
    world: world
    x: -55.533319771782544
    y: 69.0
    z: 21.616030467446535
    yaw: -1.661377
    pitch: 0.7760683
  la:
    world: DIM-1
    x: 145.6459140197742
    y: 70.0
    z: 31.460884924445853
    yaw: -86.70059
    pitch: 21.900036
  tin:
    world: world
    x: 22.95460526711494
    y: 46.0
    z: 95.16499594058317
    yaw: -56.13208
    pitch: 25.592775
  lee:
    world: DIM-1
    x: -4.820990529309925
    y: 88.0
    z: -38.71817313689817
    yaw: -185.1109
    pitch: 25.34999
