lastlocation:
  world: world
  x: -124.72652212157146
  y: 98.0
  z: 780.5379071279659
  yaw: -242.94824
  pitch: 42.203533
uuid: 1e93b9b9-ab82-44df-a787-044ba028aa7d
timestamps:
  login: 1555621147686
  lastteleport: 1555618877387
  kits:
    essen: 1555503050410
    tools: 1555426994876
  logout: 1555621174442
ipAddress: 91.112.119.98
nickname: Lee
logoutlocation:
  world: world
  x: -63.920461973344175
  y: 69.92973173967069
  z: 9.269232263244604
  yaw: -354.52942
  pitch: 10.350029
godmode: true
afk: false
homes:
  home:
    world: world
    x: -55.533319771782544
    y: 69.0
    z: 21.616030467446535
    yaw: -1.661377
    pitch: 0.7760683
  la:
    world: DIM-1
    x: 145.6459140197742
    y: 70.0
    z: 31.460884924445853
    yaw: -86.70059
    pitch: 21.900036
  tin:
    world: world
    x: 22.95460526711494
    y: 46.0
    z: 95.16499594058317
    yaw: -56.13208
    pitch: 25.592775
  lee:
    world: DIM-1
    x: -4.820990529309925
    y: 88.0
    z: -38.71817313689817
    yaw: -185.1109
    pitch: 25.34999
