lastlocation:
  world: world
  x: -14.0
  y: 103.0
  z: -1.0
  yaw: -4.0499997
  pitch: 1.5
uuid: 1e93b9b9-ab82-44df-a787-044ba028aa7d
timestamps:
  login: 1555806023556
  lastteleport: 1555803723673
  kits:
    essen: 1555503050410
    tools: 1555426994876
  logout: 1555806174900
ipAddress: 91.112.119.98
nickname: Lee
logoutlocation:
  world: world
  x: -66.90236899710466
  y: 51.0
  z: -68.79650492825634
  yaw: -179.99805
  pitch: 17.399979
godmode: true
afk: false
homes:
  home:
    world: world
    x: -55.533319771782544
    y: 69.0
    z: 21.616030467446535
    yaw: -1.661377
    pitch: 0.7760683
  la:
    world: DIM-1
    x: 145.6459140197742
    y: 70.0
    z: 31.460884924445853
    yaw: -86.70059
    pitch: 21.900036
  tin:
    world: world
    x: 22.95460526711494
    y: 46.0
    z: 95.16499594058317
    yaw: -56.13208
    pitch: 25.592775
  lee:
    world: DIM-1
    x: -4.820990529309925
    y: 88.0
    z: -38.71817313689817
    yaw: -185.1109
    pitch: 25.34999
