uuid: c811ffa1-cfcd-44bf-a87c-64a8a0cc7518
timestamps:
  login: 1555540771017
  lastteleport: 1555540701578
  logout: 1555540990829
ipAddress: 178.112.211.69
lastlocation:
  world: world
  x: -14.0
  y: 103.0
  z: -1.0
  yaw: 0.0
  pitch: -0.15
logoutlocation:
  world: world
  x: 9.540700837941067
  y: 100.0
  z: -51.33524945954771
  yaw: -321.9132
  pitch: -2.3999872
afk: false
