uuid: c811ffa1-cfcd-44bf-a87c-64a8a0cc7518
timestamps:
  login: 1521228059947
  logout: 1521227923254
  lastteleport: 1521232760826
ipAddress: 77.118.191.199
logoutlocation:
  world: DIM-1
  x: 5.2773500501060635
  y: 81.0
  z: 73.58567690828366
  yaw: -264.59872
  pitch: 22.349936
lastlocation:
  world: iceland
  x: 172.0
  y: 64.0
  z: 256.0
  yaw: 0.0
  pitch: 0.0
homes:
  home:
    world: world
    x: 170.76131597761213
    y: 11.0
    z: 261.35930603463646
    yaw: -271.3518
    pitch: 40.649952
afk: false
