uuid: c811ffa1-cfcd-44bf-a87c-64a8a0cc7518
timestamps:
  login: 1520903219910
  logout: 1520903485524
  lastteleport: 1520900925293
ipAddress: 77.118.191.199
logoutlocation:
  world: world
  x: 237.3176121508394
  y: 70.0
  z: 156.24106192954437
  yaw: -72.29889
  pitch: 16.949963
lastlocation:
  world: world
  x: 263.04622596480607
  y: 77.0
  z: 159.88345789982367
  yaw: 307.94928
  pitch: 32.69996
homes:
  home:
    world: world
    x: 170.76131597761213
    y: 11.0
    z: 261.35930603463646
    yaw: -271.3518
    pitch: 40.649952
afk: false
