uuid: c811ffa1-cfcd-44bf-a87c-64a8a0cc7518
timestamps:
  login: 1555710860576
  lastteleport: 1555709643444
  logout: 1555713921586
  kits:
    tools: 1555709684644
ipAddress: 178.112.211.69
lastlocation:
  world: DIM7
  x: -30.209817400464992
  y: 35.99657404410093
  z: 41.018526918242884
  yaw: 154.50899
  pitch: 30.450035
logoutlocation:
  world: world
  x: 11.199706150335892
  y: 101.0
  z: -61.68304059892054
  yaw: 342.62457
  pitch: 19.800192
afk: false
