uuid: c811ffa1-cfcd-44bf-a87c-64a8a0cc7518
timestamps:
  login: 1558646920246
  lastteleport: 1558648725556
  logout: 1558646648388
  kits:
    tools: 1555748319350
ipAddress: 77.116.216.119
lastlocation:
  world: world
  x: -81.99836977136933
  y: 96.69375
  z: -65.33163896687665
  yaw: 285.1491
  pitch: -2.99999
logoutlocation:
  world: world
  x: -13.5
  y: 96.0
  z: 3.5
  yaw: -69.600555
  pitch: 13.199999
afk: false
homes:
  nt:
    world: DIM-1
    x: 769.5
    y: 128.0
    z: -78.5
    yaw: -114.1517
    pitch: 42.599987
