uuid: c811ffa1-cfcd-44bf-a87c-64a8a0cc7518
timestamps:
  login: 1558653596212
  lastteleport: 1558654467460
  logout: 1558654728837
  kits:
    tools: 1555748319350
ipAddress: 77.116.216.119
lastlocation:
  world: DUNGEONS
  x: 422.0
  y: 28.0
  z: -1.3000000119209285
  yaw: 181.34999
  pitch: 19.5
logoutlocation:
  world: AETHER
  x: -966.2557860781891
  y: 126.49497541858892
  z: -925.2632389136103
  yaw: 183.74896
  pitch: 7.199984
afk: false
homes:
  nt:
    world: DIM-1
    x: 769.5
    y: 128.0
    z: -78.5
    yaw: -114.1517
    pitch: 42.599987
