uuid: c811ffa1-cfcd-44bf-a87c-64a8a0cc7518
timestamps:
  login: 1520722413209
  logout: 1520722514180
ipAddress: 127.0.0.1
logoutlocation:
  world: world
  x: 369.74171757780766
  y: 66.0
  z: 149.18937028433245
  yaw: 39.6
  pitch: 5.250059
