uuid: c811ffa1-cfcd-44bf-a87c-64a8a0cc7518
timestamps:
  login: 1520893584497
  logout: 1520894190922
  lastteleport: 1520894026944
ipAddress: 127.0.0.1
logoutlocation:
  world: iceland
  x: 170.55432124102632
  y: 64.0
  z: 250.8025576428803
  yaw: -82.200165
  pitch: 0.30002442
lastlocation:
  world: world
  x: 201.01573645154517
  y: 70.23681388420825
  z: 271.9654035032836
  yaw: 215.99994
  pitch: 38.399998
homes:
  home:
    world: world
    x: 170.76131597761213
    y: 11.0
    z: 261.35930603463646
    yaw: -271.3518
    pitch: 40.649952
afk: false
