uuid: c811ffa1-cfcd-44bf-a87c-64a8a0cc7518
timestamps:
  login: 1521054519966
  logout: 1521054932470
  lastteleport: 1521053467541
ipAddress: 77.118.191.199
logoutlocation:
  world: iceland
  x: 226.31610891645244
  y: 90.0
  z: 477.5039916179355
  yaw: -244.35002
  pitch: 26.399996
lastlocation:
  world: iceland
  x: 212.31564765029896
  y: 64.0
  z: 264.14831557266285
  yaw: -12.900055
  pitch: 13.949985
homes:
  home:
    world: world
    x: 170.76131597761213
    y: 11.0
    z: 261.35930603463646
    yaw: -271.3518
    pitch: 40.649952
afk: false
