uuid: c811ffa1-cfcd-44bf-a87c-64a8a0cc7518
timestamps:
  login: 1555752807795
  lastteleport: 1555749819565
  logout: 1555753006102
  kits:
    tools: 1555748319350
ipAddress: 178.112.211.69
lastlocation:
  world: world
  x: 22.30000001192092
  y: 115.1230047079385
  z: -54.79512049442085
  yaw: -342.747
  pitch: 48.749825
logoutlocation:
  world: world
  x: 9.286926154690011
  y: 114.0
  z: -52.592478183306916
  yaw: -297.1454
  pitch: 12.300164
afk: false
