uuid: c811ffa1-cfcd-44bf-a87c-64a8a0cc7518
timestamps:
  login: 1520981884310
  logout: 1520982209125
  lastteleport: 1520979361431
ipAddress: 77.118.191.199
logoutlocation:
  world: iceland
  x: 204.3936051554523
  y: 89.0
  z: 464.9348232969206
  yaw: -171.75064
  pitch: 25.65012
lastlocation:
  world: iceland
  x: 174.6166688914691
  y: 64.0
  z: 255.31677489654658
  yaw: 58.349964
  pitch: 36.149986
homes:
  home:
    world: world
    x: 170.76131597761213
    y: 11.0
    z: 261.35930603463646
    yaw: -271.3518
    pitch: 40.649952
afk: false
