uuid: c811ffa1-cfcd-44bf-a87c-64a8a0cc7518
timestamps:
  login: 1555670506294
  lastteleport: 1555669064036
  logout: 1555670133161
  kits:
    tools: 1555666037146
ipAddress: 178.112.211.69
lastlocation:
  world: world
  x: 10.5
  y: 101.0
  z: -59.5
  yaw: 0.0
  pitch: 0.0
logoutlocation:
  world: world
  x: 15.250909345368973
  y: 101.0
  z: -58.558085018650985
  yaw: -270.46545
  pitch: 73.350006
afk: false
