uuid: c811ffa1-cfcd-44bf-a87c-64a8a0cc7518
timestamps:
  login: 1520895202921
  logout: 1520895333323
  lastteleport: 1520895320410
ipAddress: 127.0.0.1
logoutlocation:
  world: world
  x: 254.40443927053764
  y: 78.0
  z: 149.23621523663678
  yaw: 83.85003
  pitch: 25.949987
lastlocation:
  world: world
  x: 249.69999998807907
  y: 72.0
  z: 151.622798336457
  yaw: 182.6997
  pitch: -22.500036
homes:
  home:
    world: world
    x: 170.76131597761213
    y: 11.0
    z: 261.35930603463646
    yaw: -271.3518
    pitch: 40.649952
afk: false
