uuid: f17e8c2c-5381-491b-9b01-f1fa08b711e9
timestamps:
  login: 1557601903485
  lastteleport: 1557604290042
  logout: 1557604300498
ipAddress: 213.157.155.197
lastlocation:
  world: DIM-112
  x: 211.5
  y: 65.0
  z: 650.5
  yaw: -125.38035
  pitch: 15.362643
logoutlocation:
  world: DIM-112
  x: 217.38057122519587
  y: 65.5
  z: 654.426259505503
  yaw: -125.38035
  pitch: 15.362643
