uuid: f17e8c2c-5381-491b-9b01-f1fa08b711e9
timestamps:
  login: 1557655011843
  lastteleport: 1557655906213
  logout: 1557656052220
ipAddress: 213.157.157.198
lastlocation:
  world: world
  x: -14.0
  y: 98.0
  z: -1.0
  yaw: -0.15
  pitch: 1.3499999
logoutlocation:
  world: world
  x: -61.295125691220164
  y: 90.0
  z: -250.14022231565488
  yaw: -177.15257
  pitch: 54.611275
