uuid: 2c69470c-fdc1-41d8-9dfe-6a621ecb8441
timestamps:
  login: 1555673980244
  logout: 1555667599214
  lastteleport: 1555667202161
ipAddress: 81.5.239.227
lastlocation:
  world: world
  x: -60.89118333329988
  y: 80.0
  z: 34.24642795641103
  yaw: -178.64874
  pitch: 80.84999
logoutlocation:
  world: world
  x: -57.699999988079064
  y: 75.0
  z: 45.69999998807907
  yaw: 177.44434
  pitch: 75.45
afk: false
homes:
  home:
    world: world
    x: -55.756091539635676
    y: 69.0
    z: 21.170777074730665
    yaw: 8.550059
    pitch: 11.699996
