uuid: 2c69470c-fdc1-41d8-9dfe-6a621ecb8441
timestamps:
  login: 1555710756211
  logout: 1555710709799
  lastteleport: 1555718349798
ipAddress: 81.5.239.227
lastlocation:
  world: world
  x: -14.0
  y: 103.0
  z: -1.0
  yaw: 0.0
  pitch: 0.0
logoutlocation:
  world: world
  x: -50.92929223440669
  y: 64.0
  z: 48.37721903467819
  yaw: 17.047546
  pitch: 36.900158
afk: false
homes:
  home:
    world: world
    x: -55.756091539635676
    y: 69.0
    z: 21.170777074730665
    yaw: 8.550059
    pitch: 11.699996
