uuid: 2c69470c-fdc1-41d8-9dfe-6a621ecb8441
timestamps:
  login: 1555618008464
  logout: 1555621247639
  lastteleport: 1555619784889
ipAddress: 81.5.239.227
lastlocation:
  world: world
  x: -235.0673650591154
  y: 56.0
  z: 16.699999988079078
  yaw: 229.65102
  pitch: 32.399902
logoutlocation:
  world: world
  x: -44.30000001192092
  y: 61.0
  z: 20.608613008929233
  yaw: 149.85388
  pitch: 6.8999376
afk: false
homes:
  home:
    world: world
    x: -55.756091539635676
    y: 69.0
    z: 21.170777074730665
    yaw: 8.550059
    pitch: 11.699996
