uuid: 2c69470c-fdc1-41d8-9dfe-6a621ecb8441
timestamps:
  login: 1555804721782
  logout: 1555804712353
  lastteleport: 1555804690594
ipAddress: 81.5.239.227
lastlocation:
  world: world
  x: -66.76041229442642
  y: 55.0
  z: -88.69769772851463
  yaw: 165.28723
  pitch: 48.150013
logoutlocation:
  world: world
  x: -53.58496932241393
  y: 61.0
  z: 23.747676609032265
  yaw: -171.44975
  pitch: 53.550014
afk: false
homes:
  home:
    world: world
    x: -55.756091539635676
    y: 69.0
    z: 21.170777074730665
    yaw: 8.550059
    pitch: 11.699996
godmode: true
