uuid: 2c69470c-fdc1-41d8-9dfe-6a621ecb8441
timestamps:
  login: 1555886777271
  logout: 1555888631854
  lastteleport: 1555888578014
ipAddress: 81.5.239.227
lastlocation:
  world: DIM-1
  x: -9.118379227678135
  y: 59.234186379342546
  z: 108.97281426996462
  yaw: -137.5473
  pitch: 16.049915
logoutlocation:
  world: world
  x: -57.61896829583978
  y: 69.0
  z: 24.13485643410248
  yaw: 22.35035
  pitch: 13.649993
afk: false
homes:
  home:
    world: world
    x: -55.756091539635676
    y: 69.0
    z: 21.170777074730665
    yaw: 8.550059
    pitch: 11.699996
godmode: false
