uuid: 2c69470c-fdc1-41d8-9dfe-6a621ecb8441
timestamps:
  login: 1555956481150
  logout: 1555958653822
  lastteleport: 1555956184781
ipAddress: 81.5.239.227
lastlocation:
  world: world
  x: -112.60405489479798
  y: 47.0
  z: 0.7826227063432145
  yaw: 38.10019
  pitch: 19.049984
logoutlocation:
  world: world
  x: -67.30000001192093
  y: 43.0
  z: 5.311412563895013
  yaw: -276.15936
  pitch: 27.45001
afk: false
homes:
  home:
    world: world
    x: -55.756091539635676
    y: 69.0
    z: 21.170777074730665
    yaw: 8.550059
    pitch: 11.699996
godmode: false
