uuid: a9d76660-f3e9-4849-bfc3-8368b8006a55
timestamps:
  login: 1521129468817
  logout: 1521125133216
  lastteleport: 1521130813412
ipAddress: 217.251.183.203
lastlocation:
  world: world
  x: 34.892301345080206
  y: 70.0
  z: 160.26411956374832
  yaw: -76.35311
  pitch: 22.629734
logoutlocation:
  world: world
  x: 117.85998359461863
  y: 71.0
  z: 202.995933323305
  yaw: 59.95271
  pitch: 22.420279
afk: false
homes:
  home:
    world: world
    x: 110.81574193925292
    y: 71.0
    z: 200.18586085343728
    yaw: 178.87207
    pitch: 22.053566
