uuid: a9d76660-f3e9-4849-bfc3-8368b8006a55
timestamps:
  login: 1520800820065
  logout: 1520803118510
ipAddress: 217.248.126.191
lastlocation:
  world: world
  x: 267.0778617708803
  y: 64.0
  z: -36.14221063520804
  yaw: 136.5289
  pitch: 32.100063
logoutlocation:
  world: world
  x: 114.54809942146517
  y: 71.0
  z: 197.84947262972514
  yaw: 318.2932
  pitch: -22.201443
afk: false
