uuid: a9d76660-f3e9-4849-bfc3-8368b8006a55
timestamps:
  login: 1521053837086
  logout: 1521061434792
  lastteleport: 1521055140503
ipAddress: 217.251.176.230
lastlocation:
  world: world
  x: 142.34957100947616
  y: 69.24918707874468
  z: 205.12718902873425
  yaw: 194.19974
  pitch: 27.608112
logoutlocation:
  world: world
  x: 123.69978319757196
  y: 71.0
  z: 194.61111353798822
  yaw: 77.043915
  pitch: 22.513031
afk: false
homes:
  home:
    world: world
    x: 110.81574193925292
    y: 71.0
    z: 200.18586085343728
    yaw: 178.87207
    pitch: 22.053566
