uuid: a9d76660-f3e9-4849-bfc3-8368b8006a55
timestamps:
  login: 1520969858928
  logout: 1520974836375
  lastteleport: 1520974163306
ipAddress: 217.251.183.253
lastlocation:
  world: iceland
  x: 229.42745265600183
  y: 89.0
  z: 398.37024106632185
  yaw: 110.91019
  pitch: 31.68613
logoutlocation:
  world: world
  x: 117.76251671979489
  y: 71.0
  z: 199.5348939748856
  yaw: 311.11304
  pitch: 19.80077
afk: false
homes:
  home:
    world: world
    x: 110.81574193925292
    y: 71.0
    z: 200.18586085343728
    yaw: 178.87207
    pitch: 22.053566
