uuid: a9d76660-f3e9-4849-bfc3-8368b8006a55
timestamps:
  login: 1521142688181
  logout: 1521147721460
  lastteleport: 1521141303416
ipAddress: 217.251.183.203
lastlocation:
  world: world
  x: 110.81818596147679
  y: 61.5625
  z: 195.30000001192093
  yaw: 18.696564
  pitch: 40.929855
logoutlocation:
  world: world
  x: 106.78732139095723
  y: 49.0
  z: 241.3368082015678
  yaw: 222.02124
  pitch: 25.511337
afk: false
homes:
  home:
    world: world
    x: 106.47011592461503
    y: 60.0
    z: 195.93269342768735
    yaw: 272.81317
    pitch: 40.02236
