uuid: a9d76660-f3e9-4849-bfc3-8368b8006a55
timestamps:
  login: 1521233396277
  logout: 1521230703209
  lastteleport: 1521230513111
ipAddress: 217.251.185.78
lastlocation:
  world: world
  x: -3.6853772628535144
  y: 65.0
  z: 279.28427917546276
  yaw: 152.27881
  pitch: 28.602081
logoutlocation:
  world: world
  x: 106.5414653459706
  y: 60.0
  z: 195.93956278077434
  yaw: -159.53981
  pitch: 3.1416445
afk: false
homes:
  home:
    world: world
    x: 106.47011592461503
    y: 60.0
    z: 195.93269342768735
    yaw: 272.81317
    pitch: 40.02236
