lastlocation:
  world: world
  x: -13.972731987014413
  y: 103.0
  z: -0.01557336851897509
  yaw: -3.6
  pitch: 8.85
uuid: 557e709f-a4c1-4ba8-930e-c7e416d38c0e
timestamps:
  login: 1555661333187
  logout: 1555667500832
  lastteleport: 1555625150049
ipAddress: 91.141.2.174
logoutlocation:
  world: world
  x: -61.44735091757057
  y: 105.0
  z: -72.8609790647244
  yaw: -179.9505
  pitch: 22.799881
homes:
  home:
    world: world
    x: -7.69999998807908
    y: 106.0
    z: -46.32470769187583
    yaw: -308.44775
    pitch: 21.300001
afk: false
