lastlocation:
  world: world
  x: -9.5
  y: 106.0
  z: -46.5
  yaw: 0.0
  pitch: 0.0
uuid: 557e709f-a4c1-4ba8-930e-c7e416d38c0e
timestamps:
  login: 1555421548568
  logout: 1555415945655
  lastteleport: 1555429628729
ipAddress: 178.165.128.239
logoutlocation:
  world: world
  x: -54.16639618102331
  y: 105.0
  z: -68.96063080876715
  yaw: -122.400635
  pitch: 9.750025
homes:
  home:
    world: world
    x: -7.69999998807908
    y: 106.0
    z: -46.32470769187583
    yaw: -308.44775
    pitch: 21.300001
