lastlocation:
  world: world
  x: -13.972731987014413
  y: 103.0
  z: -0.01557336851897509
  yaw: -3.6
  pitch: 8.85
uuid: 557e709f-a4c1-4ba8-930e-c7e416d38c0e
timestamps:
  login: 1555632514115
  logout: 1555636952465
  lastteleport: 1555625150049
ipAddress: 91.141.2.174
logoutlocation:
  world: world
  x: -71.53681420182589
  y: 120.60537152600331
  z: -97.68669047120784
  yaw: -252.3753
  pitch: 25.050055
homes:
  home:
    world: world
    x: -7.69999998807908
    y: 106.0
    z: -46.32470769187583
    yaw: -308.44775
    pitch: 21.300001
afk: false
