lastlocation:
  world: world
  x: -55.65078745559216
  y: 69.0
  z: 19.147662436681284
  yaw: -172.51187
  pitch: 23.57605
uuid: 557e709f-a4c1-4ba8-930e-c7e416d38c0e
timestamps:
  login: 1555488360803
  logout: 1555493954905
  lastteleport: 1555493640879
ipAddress: 178.115.129.31
logoutlocation:
  world: world
  x: -68.94707271367481
  y: 105.0
  z: -76.65464956411321
  yaw: -282.1977
  pitch: 13.05
homes:
  home:
    world: world
    x: -7.69999998807908
    y: 106.0
    z: -46.32470769187583
    yaw: -308.44775
    pitch: 21.300001
