uuid: b9d75492-4c60-4208-9cd1-4e125feed20e
timestamps:
  login: 1521407942420
  lastteleport: 1521219967651
  logout: 1521408083494
ipAddress: 127.0.0.1
lastlocation:
  world: world
  x: 247.5
  y: 64.0
  z: 144.5
  yaw: 0.0
  pitch: 0.0
homes:
  home:
    world: world
    x: 562.0337815447333
    y: 190.0
    z: -700.8625412148231
    yaw: -335.31122
    pitch: 49.230045
logoutlocation:
  world: world
  x: 176.31049988435282
  y: 111.23478332784595
  z: 169.42236752906422
  yaw: -185.99998
  pitch: 12.3
afk: false
