uuid: b9d75492-4c60-4208-9cd1-4e125feed20e
timestamps:
  login: 1521219000154
  lastteleport: 1521219967651
  logout: 1521220205298
ipAddress: 193.159.109.206
lastlocation:
  world: world
  x: 116.7809991824871
  y: 109.35091742805594
  z: 203.9096986609927
  yaw: 86.87109
  pitch: 45.418232
homes:
  home:
    world: world
    x: 562.0337815447333
    y: 190.0
    z: -700.8625412148231
    yaw: -335.31122
    pitch: 49.230045
logoutlocation:
  world: world
  x: 562.1781166674323
  y: 190.0
  z: -705.6411986402762
  yaw: -140.05133
  pitch: 13.250575
afk: false
