uuid: b9d75492-4c60-4208-9cd1-4e125feed20e
timestamps:
  login: 1521144034133
  lastteleport: 1521145392142
  logout: 1521145407290
ipAddress: 193.159.109.206
lastlocation:
  world: DIM-100
  x: 563.5441371561326
  y: 176.0
  z: -702.7492955871061
  yaw: -63.64608
  pitch: 50.70579
homes:
  home:
    world: world
    x: 562.0337815447333
    y: 190.0
    z: -700.8625412148231
    yaw: -335.31122
    pitch: 49.230045
logoutlocation:
  world: world
  x: 563.5876123559655
  y: 190.0
  z: -701.734990802875
  yaw: -299.48157
  pitch: 22.050123
afk: false
