uuid: b9d75492-4c60-4208-9cd1-4e125feed20e
timestamps:
  login: 1520800385706
  lastteleport: 1520813576028
  logout: 1520813790405
ipAddress: 193.159.107.97
lastlocation:
  world: world
  x: 248.0
  y: 78.0
  z: 148.0
  yaw: 0.0
  pitch: 0.0
homes:
  home:
    world: world
    x: 117.5
    y: 71.0
    z: 173.5
    yaw: 168.21707
    pitch: 28.505777
logoutlocation:
  world: world
  x: 117.23040019249525
  y: 71.0
  z: 172.8788269531624
  yaw: -141.96692
  pitch: 24.20463
afk: false
