uuid: b9d75492-4c60-4208-9cd1-4e125feed20e
timestamps:
  login: 1555700291138
  logout: 1555700341549
  lastteleport: 1555682515092
  kits:
    tools: 1555682525539
ipAddress: 91.6.183.97
lastlocation:
  world: world
  x: 11.82517277308909
  y: 43.0
  z: -53.92347272828327
  yaw: -66.18758
  pitch: 65.84986
logoutlocation:
  world: world
  x: -0.6191549231234903
  y: 95.0
  z: -56.69451620862521
  yaw: 190.34987
  pitch: 7.3499923
