uuid: b9d75492-4c60-4208-9cd1-4e125feed20e
timestamps:
  login: 1520967697182
  lastteleport: 1520973394508
  logout: 1520974053789
ipAddress: 193.159.109.206
lastlocation:
  world: world
  x: 248.5
  y: 78.0
  z: 148.5
  yaw: 0.0
  pitch: 0.0
homes:
  home:
    world: world
    x: 562.0337815447333
    y: 190.0
    z: -700.8625412148231
    yaw: -335.31122
    pitch: 49.230045
logoutlocation:
  world: world
  x: 564.2856803810172
  y: 190.0
  z: -716.1511691053828
  yaw: -41.603302
  pitch: 82.70782
afk: false
