uuid: b9d75492-4c60-4208-9cd1-4e125feed20e
timestamps:
  login: 1520950055646
  lastteleport: 1520950266687
  logout: 1520813790405
ipAddress: 193.159.109.206
lastlocation:
  world: world
  x: 604.6701324947051
  y: 77.0
  z: -695.1908515664285
  yaw: 171.99132
  pitch: 21.221535
homes:
  home:
    world: world
    x: 587.7524512231577
    y: 79.0
    z: -697.3000000119209
    yaw: -200.60455
    pitch: 25.364834
logoutlocation:
  world: world
  x: 117.23040019249525
  y: 71.0
  z: 172.8788269531624
  yaw: -141.96692
  pitch: 24.20463
afk: false
