uuid: b9d75492-4c60-4208-9cd1-4e125feed20e
timestamps:
  login: 1521233132162
  lastteleport: 1521231678328
  logout: 1521231965970
ipAddress: 127.0.0.1
lastlocation:
  world: world
  x: 576.6536119584018
  y: 190.0
  z: -702.6991056357002
  yaw: 120.481735
  pitch: 23.210295
homes:
  home:
    world: world
    x: 562.0337815447333
    y: 190.0
    z: -700.8625412148231
    yaw: -335.31122
    pitch: 49.230045
logoutlocation:
  world: world
  x: 563.9392538627582
  y: 191.89044745325998
  z: -690.056281293841
  yaw: -318.87354
  pitch: 44.415947
afk: false
