uuid: 532b1cd0-97b3-44e8-9a4a-2459464b5cef
timestamps:
  login: 1520978429058
  lastteleport: 1520979515987
  logout: 1520977945763
ipAddress: 91.141.2.231
lastlocation:
  world: world
  x: 253.08340230054665
  y: 78.0
  z: 150.71580529717707
  yaw: -37.650143
  pitch: 5.0999985
logoutlocation:
  world: iceland
  x: 229.71268659788296
  y: 92.0
  z: 486.8627004999408
  yaw: 356.992
  pitch: 32.25007
homes:
  home:
    world: world
    x: -3073.7631913908313
    y: 86.0
    z: -3884.2814743875583
    yaw: -135.13358
    pitch: 16.050028
afk: false
