uuid: 532b1cd0-97b3-44e8-9a4a-2459464b5cef
timestamps:
  login: 1521234230173
  lastteleport: 1521234273675
  logout: 1521234297871
ipAddress: 178.115.129.178
lastlocation:
  world: DIM4
  x: 1767.6450866041016
  y: 2.0
  z: -0.6521083642601283
  yaw: 3.2266235
  pitch: 0.8999719
logoutlocation:
  world: DIM4
  x: 1829.3986837957286
  y: 18.0
  z: -46.671409757723886
  yaw: -116.159035
  pitch: 4.050039
homes:
  home:
    world: iceland
    x: 224.45878192958588
    y: 91.0
    z: 483.55471046441073
    yaw: -108.298096
    pitch: 18.599981
afk: false
