uuid: 532b1cd0-97b3-44e8-9a4a-2459464b5cef
timestamps:
  login: 1558383921843
  logout: 1558386015579
ipAddress: 193.83.184.218
lastlocation:
  world: world
  x: -92.1024459225207
  y: 165.20000004768383
  z: -95.33497388483184
  yaw: -349.41113
  pitch: 60.599903
logoutlocation:
  world: world
  x: 162.7910587593712
  y: 113.72233152700294
  z: -107.06121688774769
  yaw: 12.441169
  pitch: 37.199913
