uuid: 532b1cd0-97b3-44e8-9a4a-2459464b5cef
timestamps:
  login: 1558648300292
  logout: 1558648255411
  lastteleport: 1558648740511
ipAddress: 91.141.3.123
lastlocation:
  world: world
  x: -13.636589549929143
  y: 97.0
  z: 8.163780760612026
  yaw: -88.350365
  pitch: 12.449999
logoutlocation:
  world: DIM-1
  x: 664.2655201023392
  y: 67.0
  z: -112.92740158327803
  yaw: -203.96565
  pitch: 1.9498448
homes:
  home:
    world: DIM-1
    x: 664.188856205064
    y: 67.0
    z: -90.04818694057514
    yaw: -169.9524
    pitch: 1.9497905
afk: false
