uuid: 532b1cd0-97b3-44e8-9a4a-2459464b5cef
timestamps:
  login: 1521047404982
  lastteleport: 1521052928421
  logout: 1521046737505
ipAddress: 77.119.130.108
lastlocation:
  world: world
  x: 92.99612844176045
  y: 65.0
  z: 192.87208773990469
  yaw: -233.25342
  pitch: 31.200043
logoutlocation:
  world: world
  x: -1914.5069735926538
  y: 108.0
  z: -8308.55403656775
  yaw: -335.23718
  pitch: 8.850151
homes:
  home:
    world: world
    x: -1859.4592370848427
    y: 64.0
    z: -8198.570766639004
    yaw: -96.74475
    pitch: 16.500143
afk: false
