uuid: 532b1cd0-97b3-44e8-9a4a-2459464b5cef
timestamps:
  login: 1521131920654
  lastteleport: 1521052928421
  logout: 1521132308179
ipAddress: 91.141.0.72
lastlocation:
  world: world
  x: 92.99612844176045
  y: 65.0
  z: 192.87208773990469
  yaw: -233.25342
  pitch: 31.200043
logoutlocation:
  world: iceland
  x: 228.79273179571422
  y: 93.0
  z: 488.1715354389086
  yaw: 262.50092
  pitch: 19.799952
homes:
  home:
    world: world
    x: -1859.4592370848427
    y: 64.0
    z: -8198.570766639004
    yaw: -96.74475
    pitch: 16.500143
afk: false
