uuid: 532b1cd0-97b3-44e8-9a4a-2459464b5cef
timestamps:
  login: 1521242605720
  lastteleport: 1521242846037
  logout: 1521242995633
ipAddress: 178.115.129.178
lastlocation:
  world: DIM4
  x: 1831.979917988719
  y: 18.0
  z: -47.981996349232695
  yaw: -181.25865
  pitch: 22.200089
logoutlocation:
  world: iceland
  x: 232.45336695219913
  y: 100.0
  z: 487.89576581529593
  yaw: -48.448853
  pitch: 43.950012
homes:
  home:
    world: iceland
    x: 224.45878192958588
    y: 91.0
    z: 483.55471046441073
    yaw: -108.298096
    pitch: 18.599981
afk: false
