lastlocation:
  world: world
  x: -14.0
  y: 103.0
  z: -1.0
  yaw: 0.0
  pitch: -0.15
uuid: 700e3e9c-d4e4-429d-a5c1-6ab17e90c36f
timestamps:
  login: 1555541020198
  lastteleport: 1555540133289
  logout: 1555541033632
ipAddress: 80.110.78.129
logoutlocation:
  world: world
  x: 37.69742785817492
  y: 101.0
  z: 21.291075061664333
  yaw: -309.9027
  pitch: 31.65021
afk: false
