lastlocation:
  world: world
  x: 29.98039069257285
  y: 61.0
  z: 37.42754445757079
  yaw: 10.827715
  pitch: 16.030376
uuid: bcb341ca-4a16-4bda-ad95-ad56b03f3dcb
timestamps:
  login: 1557238146572
  logout: 1557241574629
  lastteleport: 1557078025491
ipAddress: 5.100.34.92
logoutlocation:
  world: world
  x: 72.04381463414248
  y: 67.375
  z: -4.189956518353192
  yaw: -301.77417
  pitch: -16.428656
homes:
  home:
    world: world
    x: 49.699030557935835
    y: 67.0
    z: 1.7895219500719775
    yaw: -193.02719
    pitch: 11.975169
afk: false
