lastlocation:
  world: DIM-1
  x: 39.23948146250279
  y: 72.0
  z: 109.88385645904717
  yaw: 201.25525
  pitch: 5.7896614
uuid: bcb341ca-4a16-4bda-ad95-ad56b03f3dcb
timestamps:
  login: 1557000620807
  logout: 1557004408671
  lastteleport: 1556999261277
ipAddress: 5.100.34.92
logoutlocation:
  world: world
  x: 49.94097692309774
  y: 69.86512829970259
  z: -8.534705481015104
  yaw: 278.54913
  pitch: 17.12739
homes:
  home:
    world: world
    x: 49.699030557935835
    y: 67.0
    z: 1.7895219500719775
    yaw: -193.02719
    pitch: 11.975169
afk: false
