uuid: bcb341ca-4a16-4bda-ad95-ad56b03f3dcb
timestamps:
  login: 1520964118448
  logout: 1520964189383
ipAddress: 5.100.45.54
lastlocation:
  world: world
  x: 247.5
  y: 64.0
  z: 144.5
  yaw: 0.0
  pitch: 0.0
logoutlocation:
  world: world
  x: 89.31544936417018
  y: 65.0
  z: 195.30000001192093
  yaw: -323.9995
  pitch: 22.49997
