lastlocation:
  world: world
  x: 61.43492599529961
  y: 180.308721383729
  z: 31.828979096552168
  yaw: -8.477356
  pitch: -30.995983
uuid: bcb341ca-4a16-4bda-ad95-ad56b03f3dcb
timestamps:
  login: 1556301694146
  logout: 1556301811746
  lastteleport: 1556219581494
ipAddress: 5.100.34.92
logoutlocation:
  world: world
  x: 48.02600009654288
  y: 67.0
  z: -0.9845266503724055
  yaw: -23.45518
  pitch: 13.744452
homes:
  home:
    world: world
    x: 49.699030557935835
    y: 67.0
    z: 1.7895219500719775
    yaw: -193.02719
    pitch: 11.975169
afk: false
