lastlocation:
  world: world
  x: 46.11652341207651
  y: 103.0
  z: -19.56293992284068
  yaw: -327.54752
  pitch: 52.419083
uuid: bcb341ca-4a16-4bda-ad95-ad56b03f3dcb
timestamps:
  login: 1555535695259
  logout: 1555535992000
  lastteleport: 1555441834305
ipAddress: 5.100.34.92
logoutlocation:
  world: world
  x: 42.04155975980478
  y: 68.875
  z: -7.279024479656491
  yaw: -281.99332
  pitch: 26.12201
homes:
  home:
    world: world
    x: 52.00735689262416
    y: 68.0
    z: -6.895270129771152
    yaw: -279.451
    pitch: 16.8092
afk: false
