lastlocation:
  world: DIM-1
  x: 109.66698308335428
  y: 93.5937909196453
  z: 1.5515442881716501
  yaw: -274.5708
  pitch: 21.790516
uuid: bcb341ca-4a16-4bda-ad95-ad56b03f3dcb
timestamps:
  login: 1557420720265
  logout: 1557425362560
  lastteleport: 1557338014686
ipAddress: 5.100.34.92
logoutlocation:
  world: world
  x: 56.533830655159406
  y: 67.0
  z: -8.397840699784702
  yaw: -27.930817
  pitch: 5.11776
homes:
  home:
    world: world
    x: 49.699030557935835
    y: 67.0
    z: 1.7895219500719775
    yaw: -193.02719
    pitch: 11.975169
afk: false
