lastlocation:
  world: world
  x: -909.8864431270392
  y: 115.0
  z: 942.2970638769466
  yaw: -201.44737
  pitch: 8.10292
uuid: bcb341ca-4a16-4bda-ad95-ad56b03f3dcb
timestamps:
  login: 1558811550499
  logout: 1558813674775
  lastteleport: 1558812649845
ipAddress: 5.100.34.92
logoutlocation:
  world: world
  x: 62.16507442052164
  y: 67.0
  z: 1.0235396381496047
  yaw: -273.61115
  pitch: 1.5808256
homes:
  home:
    world: world
    x: 49.699030557935835
    y: 67.0
    z: 1.7895219500719775
    yaw: -193.02719
    pitch: 11.975169
afk: false
