lastlocation:
  world: DIM-1
  x: 109.66698308335428
  y: 93.5937909196453
  z: 1.5515442881716501
  yaw: -274.5708
  pitch: 21.790516
uuid: bcb341ca-4a16-4bda-ad95-ad56b03f3dcb
timestamps:
  login: 1557339185388
  logout: 1557339187909
  lastteleport: 1557338014686
ipAddress: 5.100.34.92
logoutlocation:
  world: world
  x: 60.83686735693332
  y: 67.0
  z: -0.9853317339929024
  yaw: -26.703613
  pitch: 19.509644
homes:
  home:
    world: world
    x: 49.699030557935835
    y: 67.0
    z: 1.7895219500719775
    yaw: -193.02719
    pitch: 11.975169
afk: false
