lastlocation:
  world: world
  x: 31.23838555172422
  y: 69.0
  z: 1.0915741318695062
  yaw: 153.88272
  pitch: 69.763855
uuid: bcb341ca-4a16-4bda-ad95-ad56b03f3dcb
timestamps:
  login: 1557763816516
  logout: 1557763976733
  lastteleport: 1557338014686
ipAddress: 5.100.34.92
logoutlocation:
  world: world
  x: 58.591626872598496
  y: 69.95933699284608
  z: -10.688244480713582
  yaw: -174.49243
  pitch: 49.408028
homes:
  home:
    world: world
    x: 49.699030557935835
    y: 67.0
    z: 1.7895219500719775
    yaw: -193.02719
    pitch: 11.975169
afk: false
