lastlocation:
  world: DIM-1
  x: 11.215644723751746
  y: 93.3337132236453
  z: -13.352681970413848
  yaw: -58.701218
  pitch: 17.493002
uuid: bcb341ca-4a16-4bda-ad95-ad56b03f3dcb
timestamps:
  login: 1558635101252
  logout: 1558640041467
  lastteleport: 1558636031362
ipAddress: 5.100.34.92
logoutlocation:
  world: world
  x: 29.200939388038478
  y: 61.0
  z: 31.419959421304505
  yaw: 145.70758
  pitch: 6.521009
homes:
  home:
    world: world
    x: 49.699030557935835
    y: 67.0
    z: 1.7895219500719775
    yaw: -193.02719
    pitch: 11.975169
afk: false
