lastlocation:
  world: world
  x: 31.23838555172422
  y: 69.0
  z: 1.0915741318695062
  yaw: 153.88272
  pitch: 69.763855
uuid: bcb341ca-4a16-4bda-ad95-ad56b03f3dcb
timestamps:
  login: 1558454472043
  logout: 1558455378237
  lastteleport: 1557338014686
ipAddress: 5.100.34.92
logoutlocation:
  world: world
  x: 43.563574220545746
  y: 61.0
  z: -1.1186631766539046
  yaw: 193.28955
  pitch: 15.298839
homes:
  home:
    world: world
    x: 49.699030557935835
    y: 67.0
    z: 1.7895219500719775
    yaw: -193.02719
    pitch: 11.975169
afk: false
