lastlocation:
  world: world
  x: -59.502123867391745
  y: 64.0
  z: 45.701105466486375
  yaw: 132.07506
  pitch: 12.281337
uuid: bcb341ca-4a16-4bda-ad95-ad56b03f3dcb
timestamps:
  login: 1556911532514
  logout: 1556473051340
  lastteleport: 1556399840721
ipAddress: 5.100.34.92
logoutlocation:
  world: world
  x: 62.202728924489115
  y: 61.0
  z: 12.862546363332752
  yaw: -322.56772
  pitch: 17.219011
homes:
  home:
    world: world
    x: 49.699030557935835
    y: 67.0
    z: 1.7895219500719775
    yaw: -193.02719
    pitch: 11.975169
afk: false
