lastlocation:
  world: world
  x: 39.5
  y: 68.00199847221374
  z: -15.5
  yaw: 0.0
  pitch: 0.0
uuid: 8b2e1e1c-e22c-4f47-93f6-0ee7640866bb
timestamps:
  login: 1555882861908
  lastteleport: 1555882778332
  logout: 1555882863189
ipAddress: 83.78.126.219
logoutlocation:
  world: world
  x: 80.19328089762259
  y: 83.0
  z: 33.604408717317185
  yaw: -176.99136
  pitch: 41.25017
afk: false
homes:
  home:
    world: world
    x: 48.77792685290669
    y: 67.0
    z: 1.1293132563289574
    yaw: -54.69226
    pitch: 6.90026
