lastlocation:
  world: DIM7
  x: -9.30000001192093
  y: 31.0
  z: -48.89225685822449
  yaw: -109.22919
  pitch: 40.350025
uuid: 8b2e1e1c-e22c-4f47-93f6-0ee7640866bb
timestamps:
  login: 1555544215092
  lastteleport: 1555544484626
  logout: 1555544168124
ipAddress: 83.78.126.219
logoutlocation:
  world: world
  x: -1.489150160091788
  y: 96.20000004768372
  z: -48.66127833811296
  yaw: -143.72864
  pitch: 55.65875
