lastlocation:
  world: world
  x: -72.15244742424157
  y: 105.0
  z: -68.94771113250519
  yaw: -167.49205
  pitch: 19.80031
uuid: 8b2e1e1c-e22c-4f47-93f6-0ee7640866bb
timestamps:
  login: 1556050535506
  lastteleport: 1556051882798
  logout: 1556054781783
ipAddress: 83.78.126.219
logoutlocation:
  world: world
  x: 60.00742789961231
  y: 80.4038224066806
  z: -0.39816792676146306
  yaw: 55.40767
  pitch: 35.84989
afk: false
homes:
  home:
    world: world
    x: 48.77792685290669
    y: 67.0
    z: 1.1293132563289574
    yaw: -54.69226
    pitch: 6.90026
