lastlocation:
  world: world
  x: -39.567929329661226
  y: 79.989522789652
  z: 62.39852023704072
  yaw: -215.6492
  pitch: 14.399992
uuid: 8b2e1e1c-e22c-4f47-93f6-0ee7640866bb
timestamps:
  login: 1556127877041
  lastteleport: 1556120049330
  logout: 1556128966884
ipAddress: 83.78.126.219
logoutlocation:
  world: world
  x: 90.4027353073252
  y: 68.0
  z: -13.464057374924653
  yaw: -76.00809
  pitch: 39.60003
afk: false
homes:
  home:
    world: world
    x: 48.77792685290669
    y: 67.0
    z: 1.1293132563289574
    yaw: -54.69226
    pitch: 6.90026
