lastlocation:
  world: Flat
  x: 682.7952778873057
  y: 10.980428653478938
  z: -981.4562268431332
  yaw: -159.33359
  pitch: 4.180783
uuid: 8b2e1e1c-e22c-4f47-93f6-0ee7640866bb
timestamps:
  login: 1555961047334
  lastteleport: 1555931964810
  logout: 1555934281524
ipAddress: 83.78.126.219
logoutlocation:
  world: world
  x: 72.19669343393028
  y: 67.0
  z: 2.30000001192093
  yaw: -2.6422668
  pitch: 36.900276
afk: false
homes:
  home:
    world: world
    x: 48.77792685290669
    y: 67.0
    z: 1.1293132563289574
    yaw: -54.69226
    pitch: 6.90026
