lastlocation:
  world: world
  x: -14.0
  y: 103.0
  z: -1.0
  yaw: -21.6
  pitch: 18.449997
uuid: 8b2e1e1c-e22c-4f47-93f6-0ee7640866bb
timestamps:
  login: 1555610434007
  lastteleport: 1555617587665
  logout: 1555544168124
ipAddress: 83.78.126.219
logoutlocation:
  world: world
  x: -1.489150160091788
  y: 96.20000004768372
  z: -48.66127833811296
  yaw: -143.72864
  pitch: 55.65875
