lastlocation:
  world: world
  x: -14.0
  y: 103.0
  z: -1.0
  yaw: -21.6
  pitch: 18.449997
uuid: 8b2e1e1c-e22c-4f47-93f6-0ee7640866bb
timestamps:
  login: 1555786070521
  lastteleport: 1555617587665
  logout: 1555786035706
ipAddress: 83.78.126.219
logoutlocation:
  world: world
  x: 5.217421291453647
  y: 67.0
  z: -4.699999988079081
  yaw: -269.719
  pitch: 10.050543
afk: false
