lastlocation:
  world: world
  x: -39.567929329661226
  y: 79.989522789652
  z: 62.39852023704072
  yaw: -215.6492
  pitch: 14.399992
uuid: 8b2e1e1c-e22c-4f47-93f6-0ee7640866bb
timestamps:
  login: 1556209479755
  lastteleport: 1556120049330
  logout: 1556211467860
ipAddress: 83.78.126.219
logoutlocation:
  world: world
  x: 114.16603000145986
  y: 76.34057151629827
  z: 38.274090545783764
  yaw: -12.258514
  pitch: 25.94996
afk: false
homes:
  home:
    world: world
    x: 48.77792685290669
    y: 67.0
    z: 1.1293132563289574
    yaw: -54.69226
    pitch: 6.90026
