lastlocation:
  world: world
  x: -39.567929329661226
  y: 79.989522789652
  z: 62.39852023704072
  yaw: -215.6492
  pitch: 14.399992
uuid: 8b2e1e1c-e22c-4f47-93f6-0ee7640866bb
timestamps:
  login: 1556459144762
  lastteleport: 1556120049330
  logout: 1556466325581
ipAddress: 83.78.126.219
logoutlocation:
  world: world
  x: 70.06328921899578
  y: 40.652855768827024
  z: 5.855745484443668
  yaw: -165.67438
  pitch: 6.3000355
afk: false
homes:
  home:
    world: world
    x: 48.77792685290669
    y: 67.0
    z: 1.1293132563289574
    yaw: -54.69226
    pitch: 6.90026
