uuid: 102bc47b-579d-425e-b715-c5d1ada713c6
timestamps:
  login: 1555948312983
  lastteleport: 1555798357021
  logout: 1555948521950
ipAddress: 109.91.33.136
lastlocation:
  world: world
  x: -42.5
  y: 44.0
  z: 24.5
  yaw: -175.55074
  pitch: 45.7763
logoutlocation:
  world: world
  x: -2.414143125568413
  y: 106.0
  z: -50.87314778981012
  yaw: -167.40005
  pitch: 8.550001
