uuid: 102bc47b-579d-425e-b715-c5d1ada713c6
timestamps:
  login: 1555888156090
  lastteleport: 1555798357021
  logout: 1555888191746
ipAddress: 109.91.33.136
lastlocation:
  world: world
  x: -42.5
  y: 44.0
  z: 24.5
  yaw: -175.55074
  pitch: 45.7763
logoutlocation:
  world: world
  x: -13.541765733156353
  y: 103.0
  z: -1.699999988079071
  yaw: -182.25002
  pitch: 16.2
