uuid: 102bc47b-579d-425e-b715-c5d1ada713c6
timestamps:
  login: 1555712732044
  lastteleport: 1555712870461
  logout: 1555713894038
ipAddress: 109.91.33.136
lastlocation:
  world: world
  x: 8.091748996618637
  y: 88.24918707874468
  z: -106.69999998807907
  yaw: -180.4292
  pitch: 12.750012
logoutlocation:
  world: world
  x: 8.699999988079071
  y: 89.0
  z: -108.69999998807907
  yaw: -179.22925
  pitch: 14.250012
