uuid: 102bc47b-579d-425e-b715-c5d1ada713c6
timestamps:
  login: 1555623262253
  lastteleport: 1555626471605
  logout: 1555627461977
ipAddress: 109.91.33.136
lastlocation:
  world: world
  x: -14.0
  y: 103.0
  z: -1.0
  yaw: 5.5499997
  pitch: -9.299999
logoutlocation:
  world: world
  x: 8.404083211658149
  y: 84.0
  z: -101.69999998807907
  yaw: -235.46094
  pitch: 24.000078
