uuid: 727976fe-1fcf-4da4-9273-d90de40f3d4f
timestamps:
  login: 1520791325136
  lastteleport: 1520792073833
  logout: 1520792276477
ipAddress: 188.60.217.142
lastlocation:
  world: world
  x: -26.170213417219646
  y: 89.0
  z: 12.76000588348047
  yaw: -40.349243
  pitch: 77.85007
logoutlocation:
  world: world
  x: 29.897441631404213
  y: 85.0
  z: 201.80958559855412
  yaw: -272.70813
  pitch: 53.191654
