uuid: af6718ae-82b8-4c41-a28e-a555707fa868
timestamps:
  login: 1555477469245
  lastteleport: 1555480550756
  logout: 1555458810600
ipAddress: 178.112.211.69
lastlocation:
  world: world
  x: -188.68332825190404
  y: 41.0
  z: -760.0953199570423
  yaw: -8.9192505
  pitch: 1.9500338
homes:
  home:
    world: world
    x: -188.68332825190404
    y: 41.0
    z: -760.0953199570423
    yaw: -8.9192505
    pitch: 2.1000338
logoutlocation:
  world: world
  x: -9.855638321491027
  y: 111.875
  z: -45.36673157039779
  yaw: 43.64685
  pitch: 41.537605
afk: false
