uuid: af6718ae-82b8-4c41-a28e-a555707fa868
timestamps:
  login: 1555640040895
  lastteleport: 1555639050165
  logout: 1555641265899
ipAddress: 178.112.211.69
lastlocation:
  world: world
  x: -14.0
  y: 103.0
  z: -1.0
  yaw: 0.0
  pitch: 0.0
homes:
  home:
    world: world
    x: -67.55726765013807
    y: 105.0
    z: -76.16677631832584
    yaw: -257.44824
    pitch: 12.398985
logoutlocation:
  world: world
  x: -66.81471813475864
  y: 105.0
  z: -75.84125011717428
  yaw: -234.22934
  pitch: 28.361528
afk: false
