uuid: af6718ae-82b8-4c41-a28e-a555707fa868
timestamps:
  login: 1555710142026
  lastteleport: 1555678281114
  logout: 1555710709799
ipAddress: 178.112.211.69
lastlocation:
  world: world
  x: 209.7010692711079
  y: -113.5187513260948
  z: 647.9682767638552
  yaw: -27.206768
  pitch: -0.29999998
homes:
  home:
    world: world
    x: -67.55726765013807
    y: 105.0
    z: -76.16677631832584
    yaw: -257.44824
    pitch: 12.398985
logoutlocation:
  world: world
  x: -84.23352763679412
  y: 96.0
  z: -69.30000001192093
  yaw: -147.55148
  pitch: 2.451752
afk: false
