uuid: af6718ae-82b8-4c41-a28e-a555707fa868
timestamps:
  login: 1555670017746
  lastteleport: 1555660791102
  logout: 1555670133161
ipAddress: 178.112.211.69
lastlocation:
  world: world
  x: -14.0
  y: 103.0
  z: -1.0
  yaw: 0.0
  pitch: 0.0
homes:
  home:
    world: world
    x: -67.55726765013807
    y: 105.0
    z: -76.16677631832584
    yaw: -257.44824
    pitch: 12.398985
logoutlocation:
  world: world
  x: 15.669588315231
  y: 102.47713511748792
  z: -56.70852139857004
  yaw: -228.60345
  pitch: -11.54998
afk: false
