uuid: af6718ae-82b8-4c41-a28e-a555707fa868
timestamps:
  login: 1558453005909
  lastteleport: 1555678281114
  logout: 1558453868753
ipAddress: 77.116.216.119
lastlocation:
  world: world
  x: 209.7010692711079
  y: -113.5187513260948
  z: 647.9682767638552
  yaw: -27.206768
  pitch: -0.29999998
homes:
  home:
    world: world
    x: -67.55726765013807
    y: 105.0
    z: -76.16677631832584
    yaw: -257.44824
    pitch: 12.398985
logoutlocation:
  world: world
  x: -59.81138879814458
  y: 115.40382134367736
  z: -68.59244784154242
  yaw: -85.869446
  pitch: 24.68847
afk: false
