uuid: af6718ae-82b8-4c41-a28e-a555707fa868
timestamps:
  login: 1555546391425
  lastteleport: 1555543863206
  logout: 1555547188097
ipAddress: 178.112.211.69
lastlocation:
  world: world
  x: 56.30000001192087
  y: 103.0
  z: -816.3155200835056
  yaw: 348.63342
  pitch: 14.249973
homes:
  home:
    world: world
    x: -67.55726765013807
    y: 105.0
    z: -76.16677631832584
    yaw: -257.44824
    pitch: 12.398985
logoutlocation:
  world: world
  x: -70.52588263797188
  y: 107.625
  z: -76.1512601566076
  yaw: 179.78766
  pitch: 7.4999914
afk: false
