uuid: af6718ae-82b8-4c41-a28e-a555707fa868
timestamps:
  login: 1558560479659
  lastteleport: 1555678281114
  logout: 1558453868753
ipAddress: 77.116.216.119
lastlocation:
  world: world
  x: -44.91460174108006
  y: 105.0
  z: -75.30220695730466
  yaw: -71.84656
  pitch: 23.261267
homes:
  home:
    world: world
    x: -67.55726765013807
    y: 105.0
    z: -76.16677631832584
    yaw: -257.44824
    pitch: 12.398985
logoutlocation:
  world: world
  x: -59.81138879814458
  y: 115.40382134367736
  z: -68.59244784154242
  yaw: -85.869446
  pitch: 24.68847
afk: false
