uuid: af6718ae-82b8-4c41-a28e-a555707fa868
timestamps:
  login: 1555541024055
  lastteleport: 1555539628186
  logout: 1555540990829
ipAddress: 178.112.211.69
lastlocation:
  world: world
  x: 56.30000001192087
  y: 103.0
  z: -816.3155200835056
  yaw: 348.63342
  pitch: 14.249973
homes:
  home:
    world: world
    x: -67.55726765013807
    y: 105.0
    z: -76.16677631832584
    yaw: -257.44824
    pitch: 12.398985
logoutlocation:
  world: world
  x: -68.63270586536612
  y: 105.0
  z: -76.80170029027815
  yaw: -240.6788
  pitch: 36.011547
afk: false
