uuid: af6718ae-82b8-4c41-a28e-a555707fa868
timestamps:
  login: 1558629411641
  lastteleport: 1558625502983
  logout: 1558629424975
ipAddress: 77.116.216.119
lastlocation:
  world: world
  x: -13.407623873079856
  y: 104.48935632859431
  z: -2.35732324147265
  yaw: -184.05069
  pitch: -5.2499943
homes:
  home:
    world: world
    x: -67.55726765013807
    y: 105.0
    z: -76.16677631832584
    yaw: -257.44824
    pitch: 12.398985
logoutlocation:
  world: world
  x: -74.41087497346362
  y: 108.375
  z: -73.91846983821401
  yaw: -189.37888
  pitch: 34.36152
afk: false
