lastlocation:
  world: world
  x: -14.0
  y: 103.0
  z: -1.0
  yaw: 0.0
  pitch: 0.45
uuid: 31e42b30-d5de-431b-80ff-7b31cad9c937
timestamps:
  login: 1555541841614
  logout: 1555542030708
  lastteleport: 1555540348600
  kits:
    tools: 1555526961419
ipAddress: 217.236.156.32
logoutlocation:
  world: world
  x: 9.165609776505164
  y: 85.0
  z: -101.81956912623767
  yaw: -126.78766
  pitch: 25.650005
homes:
  home:
    world: world
    x: 7.8197182772987786
    y: 85.0
    z: -102.81318211897101
    yaw: -110.08699
    pitch: 15.750031
