lastlocation:
  world: world
  x: -14.0
  y: 103.0
  z: -1.0
  yaw: 0.0
  pitch: 0.0
uuid: 31e42b30-d5de-431b-80ff-7b31cad9c937
timestamps:
  login: 1555618415133
  logout: 1555627456899
  lastteleport: 1555626024060
  kits:
    tools: 1555526961419
ipAddress: 217.236.156.32
logoutlocation:
  world: world
  x: 4.018559766443734
  y: 85.0
  z: -99.94621635808024
  yaw: 109.74826
  pitch: 86.329025
homes:
  home:
    world: world
    x: 7.8197182772987786
    y: 85.0
    z: -102.81318211897101
    yaw: -110.08699
    pitch: 15.750031
