lastlocation:
  world: world
  x: -60.69999998807905
  y: 104.0
  z: -61.37516313251717
  yaw: 85.063354
  pitch: -37.649998
uuid: 31e42b30-d5de-431b-80ff-7b31cad9c937
timestamps:
  login: 1555975237848
  logout: 1555975879231
  lastteleport: 1555975731317
  kits:
    tools: 1555526961419
ipAddress: 217.236.139.71
logoutlocation:
  world: world
  x: 4.26862898784119
  y: 84.0
  z: -96.29894870234351
  yaw: -140.98692
  pitch: 36.149975
homes:
  home:
    world: world
    x: 7.8197182772987786
    y: 85.0
    z: -102.81318211897101
    yaw: -110.08699
    pitch: 15.750031
