lastlocation:
  world: world
  x: -54.30000001192093
  y: 44.0
  z: 9.93288239370415
  yaw: 94.63104
  pitch: 24.527802
uuid: 31e42b30-d5de-431b-80ff-7b31cad9c937
timestamps:
  login: 1555798484595
  logout: 1555798856872
  lastteleport: 1555798492846
  kits:
    tools: 1555526961419
ipAddress: 217.236.156.32
logoutlocation:
  world: world
  x: 18.916607175801257
  y: 81.0
  z: -103.5345977035626
  yaw: 102.11169
  pitch: 47.39993
homes:
  home:
    world: world
    x: 7.8197182772987786
    y: 85.0
    z: -102.81318211897101
    yaw: -110.08699
    pitch: 15.750031
