lastlocation:
  world: DIM7
  x: -257.30000001192093
  y: 108.55882262352524
  z: 290.96371504987223
  yaw: 159.80255
  pitch: 23.700016
uuid: 31e42b30-d5de-431b-80ff-7b31cad9c937
timestamps:
  login: 1555712791265
  logout: 1555716599395
  lastteleport: 1555712873801
  kits:
    tools: 1555526961419
ipAddress: 217.236.156.32
logoutlocation:
  world: world
  x: 2.185082277787785
  y: 89.0
  z: -104.30398158398071
  yaw: -338.8391
  pitch: 41.399982
homes:
  home:
    world: world
    x: 7.8197182772987786
    y: 85.0
    z: -102.81318211897101
    yaw: -110.08699
    pitch: 15.750031
