uuid: ccd8937f-4580-481c-a005-ae4ded1b3c28
timestamps:
  login: 1556224310776
  lastteleport: 1556224393334
  logout: 1556224562256
ipAddress: 193.81.101.227
lastlocation:
  world: world
  x: 14.03742314204804
  y: -146.0789836823567
  z: -4.506713764406104
  yaw: -92.10275
  pitch: -39.00006
homes:
  home:
    world: world
    x: 41.1921712554538
    y: 68.0
    z: 2.354318238221327
    yaw: 86.39673
    pitch: 29.550022
logoutlocation:
  world: world
  x: 45.65043577185262
  y: 68.0
  z: -1.3875585721952368
  yaw: 115.946724
  pitch: 10.200001
afk: false
