uuid: ccd8937f-4580-481c-a005-ae4ded1b3c28
timestamps:
  login: 1557432528329
  lastteleport: 1557334971063
  logout: 1557433028575
ipAddress: 81.5.248.116
lastlocation:
  world: world
  x: 51.7012473774529
  y: 61.0
  z: -35.69676861260086
  yaw: 85.49478
  pitch: 52.349964
homes:
  home:
    world: world
    x: 41.1921712554538
    y: 68.0
    z: 2.354318238221327
    yaw: 86.39673
    pitch: 29.550022
logoutlocation:
  world: world
  x: 48.64754681219347
  y: 62.53160004141333
  z: -44.50613906835497
  yaw: 4.194916
  pitch: 18.149994
afk: false
socialspy: true
