uuid: ccd8937f-4580-481c-a005-ae4ded1b3c28
timestamps:
  login: 1520971692763
  logout: 1520978052181
  lastteleport: 1520977643327
ipAddress: 212.183.38.102
lastlocation:
  world: world
  x: 78.29572278847412
  y: 55.0
  z: 180.08391340644133
  yaw: -137.55014
  pitch: 27.6
logoutlocation:
  world: world
  x: 562.9342691039939
  y: 190.0
  z: -720.4393832499081
  yaw: 241.1994
  pitch: 32.09998
homes:
  home:
    world: world
    x: 562.5662246183699
    y: 190.0
    z: -703.952870297031
    yaw: 1.4995117
    pitch: 15.899967
