uuid: ccd8937f-4580-481c-a005-ae4ded1b3c28
timestamps:
  login: 1555681094722
  lastteleport: 1555681166752
  logout: 1555683255330
ipAddress: 193.81.101.227
lastlocation:
  world: world
  x: -618.6828249932889
  y: 74.2124560204092
  z: -1742.252025884565
  yaw: 307.49646
  pitch: 37.049934
homes:
  home:
    world: world
    x: 41.1921712554538
    y: 68.0
    z: 2.354318238221327
    yaw: 86.39673
    pitch: 29.550022
logoutlocation:
  world: world
  x: 54.99352673813337
  y: 71.875
  z: 3.227526076685075
  yaw: 147.44666
  pitch: 51.299946
