uuid: ccd8937f-4580-481c-a005-ae4ded1b3c28
timestamps:
  login: 1556555564149
  lastteleport: 1556529300045
  logout: 1556556899234
ipAddress: 193.81.66.37
lastlocation:
  world: world
  x: 40.58587136484854
  y: -50.51707543845306
  z: -6.532612289047945
  yaw: 17.846352
  pitch: -53.7
homes:
  home:
    world: world
    x: 41.1921712554538
    y: 68.0
    z: 2.354318238221327
    yaw: 86.39673
    pitch: 29.550022
logoutlocation:
  world: world
  x: 48.02663431547418
  y: 61.0
  z: -13.737095862327896
  yaw: -60.304317
  pitch: 27.299984
afk: false
