uuid: ccd8937f-4580-481c-a005-ae4ded1b3c28
timestamps:
  login: 1555956596713
  lastteleport: 1555957033186
  logout: 1555958057888
ipAddress: 193.81.101.227
lastlocation:
  world: world
  x: -54.424976435246464
  y: 61.0
  z: 24.26921820386549
  yaw: 222.5965
  pitch: 61.95
homes:
  home:
    world: world
    x: 41.1921712554538
    y: 68.0
    z: 2.354318238221327
    yaw: 86.39673
    pitch: 29.550022
logoutlocation:
  world: world
  x: 67.73094516852152
  y: 77.72990990224125
  z: 10.07178101491591
  yaw: 22.496826
  pitch: 33.449947
