uuid: ccd8937f-4580-481c-a005-ae4ded1b3c28
timestamps:
  login: 1556365233679
  lastteleport: 1556366266395
  logout: 1556365141070
ipAddress: 193.81.66.37
lastlocation:
  world: DIM-100
  x: -125.69244756386172
  y: 83.0
  z: -131.80389265088678
  yaw: -251.25385
  pitch: 23.400013
homes:
  home:
    world: world
    x: 41.1921712554538
    y: 68.0
    z: 2.354318238221327
    yaw: 86.39673
    pitch: 29.550022
logoutlocation:
  world: world
  x: -184.84152624412144
  y: 125.0
  z: -947.0694329813874
  yaw: 214.04669
  pitch: 32.550003
afk: false
