uuid: ccd8937f-4580-481c-a005-ae4ded1b3c28
timestamps:
  login: 1558556813053
  lastteleport: 1558558382315
  logout: 1558555945517
ipAddress: 81.5.248.116
lastlocation:
  world: world
  x: 307.30000001192093
  y: 79.0
  z: -186.34161220686767
  yaw: -250.80376
  pitch: 28.950022
homes:
  home:
    world: world
    x: 41.1921712554538
    y: 68.0
    z: 2.354318238221327
    yaw: 86.39673
    pitch: 29.550022
logoutlocation:
  world: world
  x: 51.9767857418786
  y: 69.49705812766413
  z: -1.4074738908828999
  yaw: 273.14667
  pitch: 22.650024
afk: false
socialspy: true
