uuid: ccd8937f-4580-481c-a005-ae4ded1b3c28
timestamps:
  login: 1558633518096
  lastteleport: 1558629812603
  logout: 1558631075548
ipAddress: 194.118.75.213
lastlocation:
  world: world
  x: 13.197868497107741
  y: -41.05273466482777
  z: 19.195574591620442
  yaw: 275.99686
  pitch: -24.600033
homes:
  home:
    world: world
    x: 41.1921712554538
    y: 68.0
    z: 2.354318238221327
    yaw: 86.39673
    pitch: 29.550022
logoutlocation:
  world: world
  x: 59.97130520453281
  y: 67.0
  z: 0.9745125511203471
  yaw: 78.59707
  pitch: 18.000069
afk: false
socialspy: true
