uuid: ccd8937f-4580-481c-a005-ae4ded1b3c28
timestamps:
  login: 1521055208978
  logout: 1521058773518
  lastteleport: 1521057259601
ipAddress: 194.118.59.200
lastlocation:
  world: world
  x: 529.7246889441102
  y: 104.40382134367731
  z: -656.495436430993
  yaw: 217.49982
  pitch: -12.150062
logoutlocation:
  world: world
  x: 562.4754017706639
  y: 190.0
  z: -719.2919146936532
  yaw: 307.3501
  pitch: 15.600001
homes:
  home:
    world: world
    x: 562.5662246183699
    y: 190.0
    z: -703.952870297031
    yaw: 1.4995117
    pitch: 15.899967
afk: false
