uuid: ccd8937f-4580-481c-a005-ae4ded1b3c28
timestamps:
  login: 1557237938881
  lastteleport: 1557237947357
  logout: 1557238340793
ipAddress: 81.5.248.116
lastlocation:
  world: world
  x: 20.5
  y: 61.0715
  z: -1.5
  yaw: 31.49759
  pitch: -10.80001
homes:
  home:
    world: world
    x: 41.1921712554538
    y: 68.0
    z: 2.354318238221327
    yaw: 86.39673
    pitch: 29.550022
logoutlocation:
  world: world
  x: 47.91504995608346
  y: 61.0
  z: 3.864266505809395
  yaw: -84.15321
  pitch: 30.449991
afk: false
socialspy: true
