uuid: ccd8937f-4580-481c-a005-ae4ded1b3c28
timestamps:
  login: 1555590944153
  lastteleport: 1555594235101
  logout: 1555595606539
ipAddress: 193.81.101.227
lastlocation:
  world: world
  x: -67.69999998807907
  y: 105.0
  z: -74.64405345903222
  yaw: 127.946045
  pitch: 0.15005782
homes:
  home:
    world: world
    x: 41.1921712554538
    y: 68.0
    z: 2.354318238221327
    yaw: 86.39673
    pitch: 29.550022
logoutlocation:
  world: world
  x: 36.94049573921104
  y: 67.5
  z: -4.561825451215307
  yaw: -349.35266
  pitch: 18.0
