uuid: ccd8937f-4580-481c-a005-ae4ded1b3c28
timestamps:
  login: 1555877513072
  lastteleport: 1555876483779
  logout: 1555878675309
ipAddress: 193.81.101.227
lastlocation:
  world: world
  x: -29.993912824487605
  y: 90.72075078967252
  z: -121.19683747976724
  yaw: -38.601604
  pitch: -4.1999984
homes:
  home:
    world: world
    x: 41.1921712554538
    y: 68.0
    z: 2.354318238221327
    yaw: 86.39673
    pitch: 29.550022
logoutlocation:
  world: world
  x: 76.02346794254417
  y: 72.52995505317453
  z: -0.11860696992931447
  yaw: 140.39728
  pitch: 31.649988
