uuid: ccd8937f-4580-481c-a005-ae4ded1b3c28
timestamps:
  login: 1558706670966
  lastteleport: 1558709975056
  logout: 1558714937953
ipAddress: 194.118.75.213
lastlocation:
  world: world
  x: 18.40067995299189
  y: -126.75455095437236
  z: 17.046899039568927
  yaw: -89.853
  pitch: 5.4000106
homes:
  home:
    world: world
    x: 41.1921712554538
    y: 68.0
    z: 2.354318238221327
    yaw: 86.39673
    pitch: 29.550022
logoutlocation:
  world: world
  x: 1.699999988079071
  y: 81.0
  z: 6.068347750832263
  yaw: -193.05296
  pitch: 27.45013
afk: false
socialspy: true
