uuid: ccd8937f-4580-481c-a005-ae4ded1b3c28
timestamps:
  login: 1557506107602
  lastteleport: 1557498494008
  logout: 1557507224212
ipAddress: 81.5.248.116
lastlocation:
  world: world
  x: -113.35633054387367
  y: 47.0
  z: -0.16547061046606998
  yaw: 263.0973
  pitch: -6.0000277
homes:
  home:
    world: world
    x: 41.1921712554538
    y: 68.0
    z: 2.354318238221327
    yaw: 86.39673
    pitch: 29.550022
logoutlocation:
  world: world
  x: 60.33319735413798
  y: 61.0
  z: -24.09629861767892
  yaw: -24.11319
  pitch: 6.900008
afk: false
socialspy: true
