uuid: ccd8937f-4580-481c-a005-ae4ded1b3c28
timestamps:
  login: 1555795736038
  lastteleport: 1555788925869
  logout: 1555795780883
ipAddress: 193.81.101.227
lastlocation:
  world: DIM-1
  x: 0.6162333884233149
  y: 95.0
  z: -14.300000011920929
  yaw: -88.654655
  pitch: 12.750017
homes:
  home:
    world: world
    x: 41.1921712554538
    y: 68.0
    z: 2.354318238221327
    yaw: 86.39673
    pitch: 29.550022
logoutlocation:
  world: world
  x: 72.21320576640696
  y: 71.0
  z: 3.2241394670680084
  yaw: 339.2934
  pitch: 54.899982
