uuid: ccd8937f-4580-481c-a005-ae4ded1b3c28
timestamps:
  login: 1556038147781
  lastteleport: 1556038652278
  logout: 1556038704941
ipAddress: 193.81.101.227
lastlocation:
  world: world
  x: 318.7005017259985
  y: 61.0
  z: -476.4864418431262
  yaw: -346.50287
  pitch: 21.59995
homes:
  home:
    world: world
    x: 41.1921712554538
    y: 68.0
    z: 2.354318238221327
    yaw: 86.39673
    pitch: 29.550022
logoutlocation:
  world: world
  x: -1.0229097595463428
  y: 67.0
  z: 1.0069095176406404
  yaw: -83.701385
  pitch: 68.2501
afk: false
