uuid: ccd8937f-4580-481c-a005-ae4ded1b3c28
timestamps:
  login: 1556727322595
  lastteleport: 1556529300045
  logout: 1556729155861
ipAddress: 81.5.248.116
lastlocation:
  world: world
  x: 40.58587136484854
  y: -50.51707543845306
  z: -6.532612289047945
  yaw: 17.846352
  pitch: -53.7
homes:
  home:
    world: world
    x: 41.1921712554538
    y: 68.0
    z: 2.354318238221327
    yaw: 86.39673
    pitch: 29.550022
logoutlocation:
  world: world
  x: 40.196011401516266
  y: 68.0
  z: -2.7543138132502527
  yaw: 334.34592
  pitch: 42.749977
afk: false
