uuid: ccd8937f-4580-481c-a005-ae4ded1b3c28
timestamps:
  login: 1557000673798
  lastteleport: 1556529300045
  logout: 1557003355886
ipAddress: 81.5.248.116
lastlocation:
  world: world
  x: 40.58587136484854
  y: -50.51707543845306
  z: -6.532612289047945
  yaw: 17.846352
  pitch: -53.7
homes:
  home:
    world: world
    x: 41.1921712554538
    y: 68.0
    z: 2.354318238221327
    yaw: 86.39673
    pitch: 29.550022
logoutlocation:
  world: world
  x: 39.48981267140197
  y: 74.0
  z: -2.489688071520866
  yaw: -37.503407
  pitch: 32.099987
afk: false
