uuid: ccd8937f-4580-481c-a005-ae4ded1b3c28
timestamps:
  login: 1556131008673
  lastteleport: 1556114821406
  logout: 1556131097543
ipAddress: 193.81.101.227
lastlocation:
  world: world
  x: 189.88871743684552
  y: 94.02274272292684
  z: -381.84700916310163
  yaw: -58.204468
  pitch: 51.14999
homes:
  home:
    world: world
    x: 41.1921712554538
    y: 68.0
    z: 2.354318238221327
    yaw: 86.39673
    pitch: 29.550022
logoutlocation:
  world: world
  x: -8.797886525133137
  y: 68.0
  z: -0.6533507116888648
  yaw: 62.84723
  pitch: 21.899942
afk: false
