uuid: ccd8937f-4580-481c-a005-ae4ded1b3c28
timestamps:
  login: 1557083093068
  lastteleport: 1557083370505
  logout: 1557083058485
ipAddress: 81.5.248.116
lastlocation:
  world: DIM-1
  x: -18.118428096286156
  y: 42.0
  z: 134.45907577456887
  yaw: -157.37128
  pitch: 22.800009
homes:
  home:
    world: world
    x: 41.1921712554538
    y: 68.0
    z: 2.354318238221327
    yaw: 86.39673
    pitch: 29.550022
logoutlocation:
  world: DIM-1
  x: 118.9245447488092
  y: 71.0
  z: 117.73570130784528
  yaw: 45.878937
  pitch: 44.700054
afk: false
socialspy: true
