uuid: ccd8937f-4580-481c-a005-ae4ded1b3c28
timestamps:
  login: 1521144607744
  logout: 1521147706405
  lastteleport: 1521144894354
ipAddress: 194.118.59.200
lastlocation:
  world: world
  x: 570.4677432335271
  y: 83.99777433040114
  z: -730.5702075658788
  yaw: 12.637512
  pitch: -78.00004
logoutlocation:
  world: world
  x: 563.5450542357001
  y: 190.0
  z: -702.2342803632565
  yaw: 93.14634
  pitch: 15.150082
homes:
  home:
    world: world
    x: 562.5662246183699
    y: 190.0
    z: -703.952870297031
    yaw: 1.4995117
    pitch: 15.899967
afk: false
