uuid: ccd8937f-4580-481c-a005-ae4ded1b3c28
timestamps:
  login: 1521221007937
  logout: 1521230562945
  lastteleport: 1521228097981
ipAddress: 194.118.59.200
lastlocation:
  world: world
  x: 695.6965180887989
  y: 37.0
  z: 418.75654856692995
  yaw: 211.95007
  pitch: 22.05007
logoutlocation:
  world: world
  x: 566.4361490949589
  y: 191.20000004768372
  z: -717.048453217066
  yaw: -148.49994
  pitch: 68.85001
homes:
  home:
    world: world
    x: 562.5662246183699
    y: 190.0
    z: -703.952870297031
    yaw: 1.4995117
    pitch: 15.899967
afk: false
