uuid: ccd8937f-4580-481c-a005-ae4ded1b3c28
timestamps:
  login: 1557144855541
  lastteleport: 1557152075603
  logout: 1557154268593
ipAddress: 81.5.248.116
lastlocation:
  world: world
  x: 78.12865436982877
  y: -86.05522551794829
  z: 54.21077062397619
  yaw: -158.70386
  pitch: -59.7
homes:
  home:
    world: world
    x: 41.1921712554538
    y: 68.0
    z: 2.354318238221327
    yaw: 86.39673
    pitch: 29.550022
logoutlocation:
  world: world
  x: 74.75754212451878
  y: 72.0
  z: 39.426011704586415
  yaw: -195.60321
  pitch: 44.700027
afk: false
socialspy: true
