uuid: ccd8937f-4580-481c-a005-ae4ded1b3c28
timestamps:
  login: 1556466973691
  lastteleport: 1556467086991
  logout: 1556467130078
ipAddress: 193.81.66.37
lastlocation:
  world: world
  x: 225.72770790109308
  y: 114.98935876746026
  z: -339.3928865553434
  yaw: -97.205414
  pitch: 38.70008
homes:
  home:
    world: world
    x: 41.1921712554538
    y: 68.0
    z: 2.354318238221327
    yaw: 86.39673
    pitch: 29.550022
logoutlocation:
  world: world
  x: 41.150144271115025
  y: 68.0
  z: -4.893913689607661
  yaw: 8.996704
  pitch: 23.699993
afk: false
