uuid: ccd8937f-4580-481c-a005-ae4ded1b3c28
timestamps:
  login: 1521130234953
  logout: 1521124608243
  lastteleport: 1521132837938
ipAddress: 194.118.59.200
lastlocation:
  world: world
  x: 248.5
  y: 78.0
  z: 148.5
  yaw: 0.0
  pitch: 0.0
logoutlocation:
  world: world
  x: 563.7828979006819
  y: 190.0
  z: -720.0642246223673
  yaw: -154.80063
  pitch: 15.899998
homes:
  home:
    world: world
    x: 562.5662246183699
    y: 190.0
    z: -703.952870297031
    yaw: 1.4995117
    pitch: 15.899967
afk: false
