lastlocation:
  world: world
  x: -9.926575748311869
  y: 67.0
  z: -4.012680962112791
  yaw: 28.807556
  pitch: -1.0495381
uuid: 81e35ce1-0165-4eca-9135-6f5c7cc3ea76
timestamps:
  login: 1556124678965
  lastteleport: 1556124941375
  logout: 1556125038585
ipAddress: 213.157.27.35
homes:
  home:
    world: world
    x: 39.638198529125674
    y: 67.5
    z: -5.238810699484801
    yaw: 358.9532
    pitch: 8.849965
afk: false
logoutlocation:
  world: world
  x: 40.53293643852262
  y: 68.0
  z: -2.6179596215976995
  yaw: -188.09723
  pitch: 11.2499
