lastlocation:
  world: world
  x: -116.26513348348041
  y: 47.18858205683597
  z: -2.07857734086528
  yaw: 286.87732
  pitch: 28.500263
uuid: 81e35ce1-0165-4eca-9135-6f5c7cc3ea76
timestamps:
  login: 1557408092628
  lastteleport: 1557338861147
  logout: 1557408332129
ipAddress: 212.232.87.83
homes:
  home:
    world: world
    x: 39.638198529125674
    y: 67.5
    z: -5.238810699484801
    yaw: 358.9532
    pitch: 8.849965
afk: false
logoutlocation:
  world: world
  x: 66.09455266751858
  y: 67.0
  z: 3.423569173725645
  yaw: -113.17175
  pitch: 26.423248
