lastlocation:
  world: world
  x: -14.0
  y: 103.0
  z: -1.0
  yaw: 2.1
  pitch: -2.25
uuid: 81e35ce1-0165-4eca-9135-6f5c7cc3ea76
timestamps:
  login: 1555662719909
  lastteleport: 1555618643080
  logout: 1555665696489
ipAddress: 185.117.69.124
homes:
  home:
    world: world
    x: 39.638198529125674
    y: 67.5
    z: -5.238810699484801
    yaw: 358.9532
    pitch: 8.849965
afk: false
logoutlocation:
  world: world
  x: 41.073428149278904
  y: 67.5
  z: 1.2784262879962573
  yaw: -20.464552
  pitch: 19.049654
