uuid: 81e35ce1-0165-4eca-9135-6f5c7cc3ea76
timestamps:
  login: 1521233159100
  logout: 1521207276026
  lastteleport: 1521232889046
ipAddress: 94.46.84.120
lastlocation:
  world: world
  x: 74.0984107233694
  y: 119.49771478177003
  z: 75.628273066966
  yaw: -15.897812
  pitch: 55.050007
logoutlocation:
  world: world
  x: 98.16665332968279
  y: 65.0
  z: 196.1149529917841
  yaw: 122.08325
  pitch: 29.850002
homes:
  home:
    world: world
    x: 121.80651105765554
    y: 71.0
    z: 192.65087286380836
    yaw: 32.552162
    pitch: 51.150116
afk: false
