lastlocation:
  world: DIM-1
  x: 14.312734744870395
  y: 92.0
  z: -12.641931587799652
  yaw: 117.45346
  pitch: -3.9000263
uuid: 81e35ce1-0165-4eca-9135-6f5c7cc3ea76
timestamps:
  login: 1558719591803
  lastteleport: 1558636485992
  logout: 1558719688334
ipAddress: 94.16.83.244
homes:
  home:
    world: world
    x: 39.638198529125674
    y: 67.5
    z: -5.238810699484801
    yaw: 358.9532
    pitch: 8.849965
afk: false
logoutlocation:
  world: world
  x: 32.60053685932964
  y: 68.0
  z: -0.6217392469661291
  yaw: 141.60266
  pitch: 44.100136
