lastlocation:
  world: world
  x: 26.58692775870151
  y: -1090.3852295668507
  z: -66.13518773025203
  yaw: -5.491333
  pitch: -90.0
uuid: 81e35ce1-0165-4eca-9135-6f5c7cc3ea76
timestamps:
  login: 1558467062398
  lastteleport: 1558467143413
  logout: 1558469303769
ipAddress: 212.232.84.20
homes:
  home:
    world: world
    x: 39.638198529125674
    y: 67.5
    z: -5.238810699484801
    yaw: 358.9532
    pitch: 8.849965
afk: false
logoutlocation:
  world: world
  x: 60.573318414983305
  y: 88.58537449683003
  z: 5.896448247141213
  yaw: 177.22998
  pitch: 56.999977
