uuid: 81e35ce1-0165-4eca-9135-6f5c7cc3ea76
timestamps:
  login: 1520969296748
  logout: 1520974833830
  lastteleport: 1520974493092
ipAddress: 213.188.108.125
lastlocation:
  world: iceland
  x: 175.4694090029773
  y: 64.0
  z: 252.71195735137255
  yaw: -285.00012
  pitch: 16.499996
logoutlocation:
  world: world
  x: 119.68429659196416
  y: 71.0
  z: 205.23750001192093
  yaw: 153.60217
  pitch: 27.600128
homes:
  home:
    world: world
    x: 121.80651105765554
    y: 71.0
    z: 192.65087286380836
    yaw: 32.552162
    pitch: 51.150116
afk: false
