lastlocation:
  world: world
  x: 1357.8993606322842
  y: 98.2736174849095
  z: -299.1293438876786
  yaw: 237.57465
  pitch: 56.999798
uuid: 81e35ce1-0165-4eca-9135-6f5c7cc3ea76
timestamps:
  login: 1555681197584
  lastteleport: 1555683302596
  logout: 1555684532895
ipAddress: 185.117.69.124
homes:
  home:
    world: world
    x: 39.638198529125674
    y: 67.5
    z: -5.238810699484801
    yaw: 358.9532
    pitch: 8.849965
afk: false
logoutlocation:
  world: world
  x: 40.36557003153436
  y: 67.5
  z: 2.432671329052428
  yaw: 356.87854
  pitch: 9.44971
