lastlocation:
  world: DIM-1
  x: 15.227993339218282
  y: 91.0
  z: -15.784728827873682
  yaw: 111.15077
  pitch: 8.850222
uuid: 81e35ce1-0165-4eca-9135-6f5c7cc3ea76
timestamps:
  login: 1555795735176
  lastteleport: 1555792208933
  logout: 1555795856376
ipAddress: 94.16.68.231
homes:
  home:
    world: world
    x: 39.638198529125674
    y: 67.5
    z: -5.238810699484801
    yaw: 358.9532
    pitch: 8.849965
afk: false
logoutlocation:
  world: world
  x: 72.86352438185943
  y: 68.0
  z: 0.3230674725946304
  yaw: 7.732417
  pitch: 34.199554
