lastlocation:
  world: DIM-1
  x: 36.72345613738163
  y: 79.0
  z: 7.001729159025771
  yaw: 128.85239
  pitch: 12.2999325
uuid: 81e35ce1-0165-4eca-9135-6f5c7cc3ea76
timestamps:
  login: 1557855997177
  lastteleport: 1557594243484
  logout: 1557856041128
ipAddress: 94.16.86.175
homes:
  home:
    world: world
    x: 39.638198529125674
    y: 67.5
    z: -5.238810699484801
    yaw: 358.9532
    pitch: 8.849965
afk: false
logoutlocation:
  world: world
  x: 74.59732989845992
  y: 62.0
  z: 46.94592602496467
  yaw: 139.83322
  pitch: 39.749977
