uuid: 81e35ce1-0165-4eca-9135-6f5c7cc3ea76
timestamps:
  login: 1521129466390
  logout: 1521061477319
  lastteleport: 1521131923962
ipAddress: 94.46.71.50
lastlocation:
  world: DIM-1
  x: 652.4962882236359
  y: 36.0
  z: -583.634751973196
  yaw: 298.50146
  pitch: 15.449923
logoutlocation:
  world: world
  x: 117.15222667871714
  y: 71.0
  z: 201.92161809668008
  yaw: -206.5512
  pitch: 63.750053
homes:
  home:
    world: world
    x: 121.80651105765554
    y: 71.0
    z: 192.65087286380836
    yaw: 32.552162
    pitch: 51.150116
afk: false
