lastlocation:
  world: world
  x: -116.26513348348041
  y: 47.18858205683597
  z: -2.07857734086528
  yaw: 286.87732
  pitch: 28.500263
uuid: 81e35ce1-0165-4eca-9135-6f5c7cc3ea76
timestamps:
  login: 1557331789227
  lastteleport: 1557338861147
  logout: 1557339533047
ipAddress: 94.16.90.83
homes:
  home:
    world: world
    x: 39.638198529125674
    y: 67.5
    z: -5.238810699484801
    yaw: 358.9532
    pitch: 8.849965
afk: false
logoutlocation:
  world: world
  x: 73.38729842651217
  y: 61.0
  z: -15.657629174328203
  yaw: -228.59607
  pitch: -5.0999045
