uuid: 81e35ce1-0165-4eca-9135-6f5c7cc3ea76
timestamps:
  login: 1521275888138
  logout: 1521277707952
  lastteleport: 1521277295328
ipAddress: 134.101.28.70
lastlocation:
  world: world
  x: 101.30000001192093
  y: 57.0
  z: 177.32862460395677
  yaw: -343.0478
  pitch: 15.60009
logoutlocation:
  world: world
  x: 97.30008321302937
  y: 65.0
  z: 197.77778126319072
  yaw: 256.9523
  pitch: 21.150122
homes:
  home:
    world: world
    x: 121.80651105765554
    y: 71.0
    z: 192.65087286380836
    yaw: 32.552162
    pitch: 51.150116
afk: false
