lastlocation:
  world: DIM7
  x: -35.171518900304555
  y: 37.0
  z: 144.13390748782572
  yaw: 44.551422
  pitch: 14.10028
uuid: 81e35ce1-0165-4eca-9135-6f5c7cc3ea76
timestamps:
  login: 1555882835340
  lastteleport: 1555879529693
  logout: 1555884189760
ipAddress: 213.188.108.198
homes:
  home:
    world: world
    x: 39.638198529125674
    y: 67.5
    z: -5.238810699484801
    yaw: 358.9532
    pitch: 8.849965
afk: false
logoutlocation:
  world: world
  x: 74.58023282023487
  y: 67.0
  z: 0.933533418101385
  yaw: 96.62012
  pitch: 13.65018
