lastlocation:
  world: world
  x: 26.58692775870151
  y: -1090.3852295668507
  z: -66.13518773025203
  yaw: -5.491333
  pitch: -90.0
uuid: 81e35ce1-0165-4eca-9135-6f5c7cc3ea76
timestamps:
  login: 1558548846371
  lastteleport: 1558467143413
  logout: 1558556130353
ipAddress: 94.46.68.231
homes:
  home:
    world: world
    x: 39.638198529125674
    y: 67.5
    z: -5.238810699484801
    yaw: 358.9532
    pitch: 8.849965
afk: false
logoutlocation:
  world: world
  x: 111.24976478420639
  y: 64.0
  z: 19.61184361973416
  yaw: 71.650055
  pitch: 8.24993
