lastlocation:
  world: DIM7
  x: -89.50194637905484
  y: 31.0
  z: -30.258689809109704
  yaw: 271.8675
  pitch: 0.6000336
uuid: 81e35ce1-0165-4eca-9135-6f5c7cc3ea76
timestamps:
  login: 1557010045625
  lastteleport: 1557012383253
  logout: 1557012911834
ipAddress: 94.46.87.92
homes:
  home:
    world: world
    x: 39.638198529125674
    y: 67.5
    z: -5.238810699484801
    yaw: 358.9532
    pitch: 8.849965
afk: false
logoutlocation:
  world: world
  x: 73.39476438032163
  y: 67.375
  z: 0.13970032763241158
  yaw: 72.12375
  pitch: -18.222706
