uuid: 81e35ce1-0165-4eca-9135-6f5c7cc3ea76
timestamps:
  login: 1521143025940
  logout: 1521147696016
  lastteleport: 1521147200516
ipAddress: 94.46.81.217
lastlocation:
  world: DIM7
  x: 310.5145573887325
  y: 32.872540826068935
  z: -1343.605370369089
  yaw: 167.25385
  pitch: 23.999964
logoutlocation:
  world: world
  x: 107.43208277380116
  y: 60.0
  z: 195.42917226664156
  yaw: -322.34796
  pitch: 29.550009
homes:
  home:
    world: world
    x: 121.80651105765554
    y: 71.0
    z: 192.65087286380836
    yaw: 32.552162
    pitch: 51.150116
afk: false
