lastlocation:
  world: DIM7
  x: -89.50194637905484
  y: 31.0
  z: -30.258689809109704
  yaw: 271.8675
  pitch: 0.6000336
uuid: 81e35ce1-0165-4eca-9135-6f5c7cc3ea76
timestamps:
  login: 1557148480557
  lastteleport: 1557012383253
  logout: 1557153863948
ipAddress: 94.16.85.93
homes:
  home:
    world: world
    x: 39.638198529125674
    y: 67.5
    z: -5.238810699484801
    yaw: 358.9532
    pitch: 8.849965
afk: false
logoutlocation:
  world: world
  x: 72.55155604235367
  y: 67.375
  z: -3.9548266604452484
  yaw: 332.56616
  pitch: 11.700021
