lastlocation:
  world: DIM7
  x: -1868.1562696904803
  y: 183.0
  z: 1792.14223826764
  yaw: 269.20917
  pitch: 12.408007
uuid: 81e35ce1-0165-4eca-9135-6f5c7cc3ea76
timestamps:
  login: 1556817109493
  lastteleport: 1556396240090
  logout: 1556817877203
ipAddress: 212.232.87.232
homes:
  home:
    world: world
    x: 39.638198529125674
    y: 67.5
    z: -5.238810699484801
    yaw: 358.9532
    pitch: 8.849965
afk: false
logoutlocation:
  world: world
  x: 73.58210406902413
  y: 67.5900000333786
  z: 1.1994848538351273
  yaw: -228.49146
  pitch: -1.3941526E-4
