lastlocation:
  world: world
  x: -554.2215743017023
  y: 55.10143009635816
  z: -243.05302399873824
  yaw: -240.8441
  pitch: 19.500004
uuid: 81e35ce1-0165-4eca-9135-6f5c7cc3ea76
timestamps:
  login: 1558813610164
  lastteleport: 1558812063680
  logout: 1558813667244
ipAddress: 94.46.77.116
homes:
  home:
    world: world
    x: 39.638198529125674
    y: 67.5
    z: -5.238810699484801
    yaw: 358.9532
    pitch: 8.849965
afk: false
logoutlocation:
  world: world
  x: -57.34008384245059
  y: 61.8354976476837
  z: 41.41657566933763
  yaw: -84.29735
  pitch: 28.049957
