lastlocation:
  world: DIM-1
  x: 14.312734744870395
  y: 92.0
  z: -12.641931587799652
  yaw: 117.45346
  pitch: -3.9000263
uuid: 81e35ce1-0165-4eca-9135-6f5c7cc3ea76
timestamps:
  login: 1558636172870
  lastteleport: 1558636485992
  logout: 1558636584725
ipAddress: 94.46.88.68
homes:
  home:
    world: world
    x: 39.638198529125674
    y: 67.5
    z: -5.238810699484801
    yaw: 358.9532
    pitch: 8.849965
afk: false
logoutlocation:
  world: world
  x: 88.15735145932888
  y: 70.92546161205264
  z: 8.948886893965241
  yaw: 95.25281
  pitch: 14.550076
