lastlocation:
  world: world
  x: -9.926575748311869
  y: 67.0
  z: -4.012680962112791
  yaw: 28.807556
  pitch: -1.0495381
uuid: 81e35ce1-0165-4eca-9135-6f5c7cc3ea76
timestamps:
  login: 1556220212744
  lastteleport: 1556124941375
  logout: 1556221875098
ipAddress: 94.16.64.178
homes:
  home:
    world: world
    x: 39.638198529125674
    y: 67.5
    z: -5.238810699484801
    yaw: 358.9532
    pitch: 8.849965
afk: false
logoutlocation:
  world: world
  x: 72.19124859281618
  y: 67.375
  z: -0.5116060476971221
  yaw: 103.95563
  pitch: 40.799633
