lastlocation:
  world: world
  x: -29.618903052450733
  y: 154.70022534465548
  z: 335.7291001613348
  yaw: 198.69934
  pitch: 50.64196
uuid: 81e35ce1-0165-4eca-9135-6f5c7cc3ea76
timestamps:
  login: 1556037673759
  lastteleport: 1556047228560
  logout: 1556047553593
ipAddress: 213.188.116.117
homes:
  home:
    world: world
    x: 39.638198529125674
    y: 67.5
    z: -5.238810699484801
    yaw: 358.9532
    pitch: 8.849965
afk: false
logoutlocation:
  world: world
  x: 76.25569422334601
  y: 70.0
  z: -1.9040306812687944
  yaw: 95.847946
  pitch: 26.100307
