lastlocation:
  world: DIM7
  x: -89.50194637905484
  y: 31.0
  z: -30.258689809109704
  yaw: 271.8675
  pitch: 0.6000336
uuid: 81e35ce1-0165-4eca-9135-6f5c7cc3ea76
timestamps:
  login: 1557081038298
  lastteleport: 1557012383253
  logout: 1557085624429
ipAddress: 94.46.67.254
homes:
  home:
    world: world
    x: 39.638198529125674
    y: 67.5
    z: -5.238810699484801
    yaw: 358.9532
    pitch: 8.849965
afk: false
logoutlocation:
  world: world
  x: 82.77770646723516
  y: 61.0
  z: 6.344272249679304
  yaw: 176.58313
  pitch: 11.0991955
