uuid: 81e35ce1-0165-4eca-9135-6f5c7cc3ea76
timestamps:
  login: 1520800154608
  logout: 1520801046838
ipAddress: 94.16.86.188
lastlocation:
  world: world
  x: 118.64391296974993
  y: 71.0
  z: 183.07865617128016
  yaw: -195.59886
  pitch: 4.3500023
logoutlocation:
  world: world
  x: 112.3000000119209
  y: 71.0
  z: 203.69999998807907
  yaw: -115.05189
  pitch: 12.900034
homes:
  home:
    world: world
    x: 121.80651105765554
    y: 71.0
    z: 192.65087286380836
    yaw: 32.552162
    pitch: 51.150116
afk: false
