lastlocation:
  world: DIM-1
  x: 36.72345613738163
  y: 79.0
  z: 7.001729159025771
  yaw: 128.85239
  pitch: 12.2999325
uuid: 81e35ce1-0165-4eca-9135-6f5c7cc3ea76
timestamps:
  login: 1557592080275
  lastteleport: 1557594243484
  logout: 1557599393023
ipAddress: 94.46.78.217
homes:
  home:
    world: world
    x: 39.638198529125674
    y: 67.5
    z: -5.238810699484801
    yaw: 358.9532
    pitch: 8.849965
afk: false
logoutlocation:
  world: world
  x: 69.30595602341023
  y: 67.875
  z: -0.014961951573906174
  yaw: -295.0044
  pitch: 26.399958
