uuid: 81e35ce1-0165-4eca-9135-6f5c7cc3ea76
timestamps:
  login: 1521054093855
  logout: 1521061477319
  lastteleport: 1521052005846
ipAddress: 213.188.125.122
lastlocation:
  world: world
  x: 164.3801634877752
  y: 68.0
  z: 164.65627300598163
  yaw: 3.449829
  pitch: 34.34997
logoutlocation:
  world: world
  x: 117.15222667871714
  y: 71.0
  z: 201.92161809668008
  yaw: -206.5512
  pitch: 63.750053
homes:
  home:
    world: world
    x: 121.80651105765554
    y: 71.0
    z: 192.65087286380836
    yaw: 32.552162
    pitch: 51.150116
afk: false
