lastlocation:
  world: DIM-1
  x: 36.72345613738163
  y: 79.0
  z: 7.001729159025771
  yaw: 128.85239
  pitch: 12.2999325
uuid: 81e35ce1-0165-4eca-9135-6f5c7cc3ea76
timestamps:
  login: 1557944991868
  lastteleport: 1557594243484
  logout: 1557944975542
ipAddress: 213.157.11.200
homes:
  home:
    world: world
    x: 39.638198529125674
    y: 67.5
    z: -5.238810699484801
    yaw: 358.9532
    pitch: 8.849965
afk: false
logoutlocation:
  world: world
  x: 54.91803371541884
  y: 70.27296134023862
  z: 42.53377677289011
  yaw: 40.89952
  pitch: 45.299793
