lastlocation:
  world: world
  x: -14.0
  y: 103.0
  z: -1.0
  yaw: 0.0
  pitch: 0.0
uuid: 81e35ce1-0165-4eca-9135-6f5c7cc3ea76
timestamps:
  login: 1555439906383
ipAddress: 185.117.70.83
homes:
  home:
    world: world
    x: 39.638198529125674
    y: 67.5
    z: -5.238810699484801
    yaw: 358.9532
    pitch: 8.849965
