lastlocation:
  world: DIM7
  x: -1868.1562696904803
  y: 183.0
  z: 1792.14223826764
  yaw: 269.20917
  pitch: 12.408007
uuid: 81e35ce1-0165-4eca-9135-6f5c7cc3ea76
timestamps:
  login: 1556468112242
  lastteleport: 1556396240090
  logout: 1556471365839
ipAddress: 213.188.117.173
homes:
  home:
    world: world
    x: 39.638198529125674
    y: 67.5
    z: -5.238810699484801
    yaw: 358.9532
    pitch: 8.849965
afk: false
logoutlocation:
  world: world
  x: 40.69679414828036
  y: 68.0
  z: -3.684318078900601
  yaw: 6.118042
  pitch: 22.499977
