lastlocation:
  world: world
  x: 73.37766725972203
  y: 83.93459343410966
  z: -14.428218772956123
  yaw: 84.27493
  pitch: 30.89999
uuid: 81e35ce1-0165-4eca-9135-6f5c7cc3ea76
timestamps:
  login: 1557497480228
  lastteleport: 1557338861147
  logout: 1557503578129
ipAddress: 94.16.82.220
homes:
  home:
    world: world
    x: 39.638198529125674
    y: 67.5
    z: -5.238810699484801
    yaw: 358.9532
    pitch: 8.849965
afk: false
logoutlocation:
  world: world
  x: 71.03799025435733
  y: 67.5900000333786
  z: 1.1801252470375516
  yaw: 238.80304
  pitch: 22.650042
