lastlocation:
  world: world
  x: -113.02800363194649
  y: 48.40667451620019
  z: 0.7144847001900745
  yaw: 131.10817
  pitch: 14.6998825
uuid: 81e35ce1-0165-4eca-9135-6f5c7cc3ea76
timestamps:
  login: 1557237929830
  lastteleport: 1557237990505
  logout: 1557240280147
ipAddress: 212.232.82.150
homes:
  home:
    world: world
    x: 39.638198529125674
    y: 67.5
    z: -5.238810699484801
    yaw: 358.9532
    pitch: 8.849965
afk: false
logoutlocation:
  world: world
  x: 82.65747294447635
  y: 61.0
  z: -21.977954299234423
  yaw: 46.1279
  pitch: -7.5000534
