lastlocation:
  world: DIM7
  x: -1868.1562696904803
  y: 183.0
  z: 1792.14223826764
  yaw: 269.20917
  pitch: 12.408007
uuid: 81e35ce1-0165-4eca-9135-6f5c7cc3ea76
timestamps:
  login: 1556555541458
  lastteleport: 1556396240090
  logout: 1556558924359
ipAddress: 94.46.87.53
homes:
  home:
    world: world
    x: 39.638198529125674
    y: 67.5
    z: -5.238810699484801
    yaw: 358.9532
    pitch: 8.849965
afk: false
logoutlocation:
  world: world
  x: 68.21319187125832
  y: 67.0
  z: -0.008875888598588955
  yaw: -268.83163
  pitch: 27.749952
