lastlocation:
  world: world
  x: 74.38074229029786
  y: 67.0
  z: -4.225978256683661
  yaw: 36.82382
  pitch: 42.899208
uuid: 81e35ce1-0165-4eca-9135-6f5c7cc3ea76
timestamps:
  login: 1555959221210
  lastteleport: 1555953388512
  logout: 1555958057888
ipAddress: 94.46.81.226
homes:
  home:
    world: world
    x: 39.638198529125674
    y: 67.5
    z: -5.238810699484801
    yaw: 358.9532
    pitch: 8.849965
afk: false
logoutlocation:
  world: world
  x: 72.01289282582334
  y: 67.375
  z: -0.40250229434419144
  yaw: 332.767
  pitch: 44.480526
