uuid: af6718ae-82b8-4c41-a28e-a555707fa868
timestamps:
  login: 1521233699343
  lastteleport: 1521232660170
  logout: 1521234312885
ipAddress: 77.118.191.199
lastlocation:
  world: DIM4
  x: 1694.0006869745873
  y: 31.0
  z: 9.345440174487189
  yaw: -113.24982
  pitch: 14.700017
logoutlocation:
  world: DIM4
  x: 1802.0620033631067
  y: 23.0
  z: 19.33508159695183
  yaw: -57.67343
  pitch: 40.649754
afk: false
homes:
  home:
    world: world
    x: 794.8240821138568
    y: 96.0
    z: 786.6904063291272
    yaw: 88.9608
    pitch: 13.799983
