uuid: af6718ae-82b8-4c41-a28e-a555707fa868
timestamps:
  login: 1521153421641
  lastteleport: 1521154134915
  logout: 1521156150299
ipAddress: 77.118.191.199
lastlocation:
  world: DIM7
  x: -1059.5
  y: 32.0
  z: 34.5
  yaw: -177.89949
  pitch: 14.400004
logoutlocation:
  world: world
  x: 77.79882780900313
  y: 55.0
  z: 179.93767515729357
  yaw: 36.599426
  pitch: 24.149986
afk: false
homes:
  home:
    world: world
    x: 95.57204921799914
    y: 65.0
    z: 195.17922097625677
    yaw: -0.29956418
    pitch: 14.550004
