uuid: af6718ae-82b8-4c41-a28e-a555707fa868
timestamps:
  login: 1521129462470
  lastteleport: 1521132847275
  logout: 1521056829564
ipAddress: 77.118.191.199
lastlocation:
  world: world
  x: 92.30000001192093
  y: 63.0
  z: 201.6536885389292
  yaw: -74.09959
  pitch: 73.649994
logoutlocation:
  world: world
  x: 79.52053299015338
  y: 55.0
  z: 178.76812575210536
  yaw: 319.9505
  pitch: 6.6000166
afk: false
homes:
  home:
    world: world
    x: 95.57204921799914
    y: 65.0
    z: 195.17922097625677
    yaw: -0.29956418
    pitch: 14.550004
