uuid: af6718ae-82b8-4c41-a28e-a555707fa868
timestamps:
  login: 1521055197105
  lastteleport: 1521056773580
  logout: 1521056829564
ipAddress: 77.118.191.199
lastlocation:
  world: world
  x: 599.8874780339961
  y: 131.20874192131706
  z: 798.8789950245599
  yaw: -179.39905
  pitch: 33.29988
logoutlocation:
  world: world
  x: 79.52053299015338
  y: 55.0
  z: 178.76812575210536
  yaw: 319.9505
  pitch: 6.6000166
afk: false
homes:
  home:
    world: world
    x: 95.57204921799914
    y: 65.0
    z: 195.17922097625677
    yaw: -0.29956418
    pitch: 14.550004
